0 0.846680 0.397461 0.078302 0.066101
0 0.750951 0.415472 0.076879 0.061556
0 0.813477 0.695312 0.029715 0.042843
0 0.211914 0.754883 0.034962 0.036167
0 0.761719 0.749023 0.029715 0.040308
0 0.687875 0.375208 0.025671 0.033798
0 0.841797 0.366211 0.034962 0.032672
0 0.933575 0.207544 0.032672 0.033798
0 0.696289 0.445801 0.032672 0.033798
0 0.891252 0.270353 0.032672 0.032672
0 0.931238 0.246916 0.032672 0.032672
0 0.621094 0.625000 0.031583 0.032672
0 0.704834 0.475464 0.030948 0.032451
0 0.807617 0.321289 0.030325 0.030948
0 0.815339 0.376844 0.032672 0.028725
0 0.756690 0.445970 0.032672 0.028531
0 0.758789 0.689453 0.025774 0.033798
0 0.247070 0.418945 0.027581 0.030948
0 0.768555 0.351562 0.027581 0.028725
0 0.737111 0.370144 0.027581 0.028531
0 0.858057 0.294139 0.027581 0.027026
