0 0.876953125 0.3828125 0.09402029290795327 0.06978248655796052
0 0.8603515625 0.3544921875 0.04972965605556965 0.034962237998843196
0 0.794921875 0.6103515625 0.02612561844289303 0.05504967048764229
0 0.9677734375 0.1884765625 0.03568018414080143 0.03792369514703751
0 0.9267578125 0.2470703125 0.03568018414080143 0.036166988685727125
0 0.5107421875 0.80078125 0.024085471965372564 0.05179301463067532
0 0.712890625 0.3642578125 0.034962237998843196 0.034962237998843196
0 0.7177734375 0.47314453125 0.03568018414080143 0.033797623403370385
0 0.8251953125 0.30859375 0.03449165262281895 0.034962237998843196
0 0.9267578125 0.3173828125 0.036166988685727125 0.032671800814568996
0 0.7861328125 0.3369140625 0.033797623403370385 0.034962237998843196
0 0.716796875 0.44140625 0.03449165262281895 0.033797623403370385
0 0.6220703125 0.623046875 0.032671800814568996 0.034962237998843196
0 0.9580078125 0.234375 0.032671800814568996 0.034962237998843196
0 0.3330078125 0.685546875 0.034962237998843196 0.03245117831975222
0 0.7568359375 0.3564453125 0.03158348146826029 0.034962237998843196
0 0.7158203125 0.4052734375 0.033797623403370385 0.03245117831975222
0 0.0966796875 0.2861328125 0.028725209459662438 0.03766760602593422
0 0.4833984375 0.8037109375 0.021610921807587148 0.04615796804428101
0 0.8251953125 0.2802734375 0.032671800814568996 0.02853123713284731
0 0.4814453125 0.5810546875 0.029715039767324928 0.02853123713284731
0 0.6357421875 0.568359375 0.027580842189490796 0.02853123713284731
