0 0.055664 0.313477 0.049394 0.050751
0 0.890342 0.687500 0.032688 0.066550
0 0.504281 0.366857 0.036313 0.041644
0 0.886029 0.289308 0.037939 0.036584
0 0.931641 0.251953 0.049730 0.047426
0 0.945157 0.332247 0.049730 0.047426
0 0.767100 0.323096 0.031171 0.038837
0 0.783893 0.426827 0.039335 0.039475
0 0.835854 0.318936 0.032043 0.041728
0 0.974609 0.948242 0.037161 0.050068
0 0.934570 0.210938 0.044620 0.041697
0 0.788977 0.352539 0.034778 0.033024
0 0.787189 0.474482 0.036002 0.033746
0 0.511719 0.896484 0.025774 0.058511
0 0.473633 0.895508 0.024085 0.061353
0 0.818316 0.289062 0.030716 0.036167
0 0.105469 0.296875 0.036167 0.032672
0 0.401367 0.354492 0.039497 0.028531
0 0.814453 0.949219 0.025774 0.037668
0 0.987428 0.312100 0.025144 0.034976
0 0.990234 0.378906 0.019522 0.034726
0 0.861347 0.428213 0.036002 0.033746
0 0.905664 0.404360 0.036002 0.033746
0 0.858501 0.388820 0.105120 0.087957
