0 0.9560546875 0.203125 0.0832251287996769 0.07317197322845459
0 0.9775390625 0.251953125 0.044921875 0.07317197322845459
0 0.9755859375 0.3828125 0.048828125 0.06610062047839166
0 0.9755859375 0.4609375 0.048828125 0.062190182134509095
0 0.9560546875 0.935546875 0.07936996594071388 0.07724772989749909
0 0.8828125 0.6982421875 0.039497204497456556 0.05430871099233628
0 0.734375 0.7939453125 0.07121546119451523 0.06931127011775971
0 0.3583984375 0.6171875 0.07025691568851472 0.06565423682332039
0 0.2705078125 0.4912109375 0.059712620079517366 0.06477054208517075
0 0.33984375 0.248046875 0.06610062047839166 0.04839995875954629
0 0.5107421875 0.2646484375 0.06521089375019073 0.06093881055712701
0 0.0732421875 0.3740234375 0.030947969108819966 0.024414082244038585
