0 0.036133 0.215820 0.027581 0.037924
0 0.381836 0.672852 0.034962 0.028531
0 0.417969 0.568359 0.032672 0.028531
0 0.417969 0.384766 0.039230 0.025949
0 0.501641 0.388672 0.031528 0.036167
0 0.551758 0.586914 0.034962 0.032672
0 0.580078 0.528320 0.027581 0.025949
0 0.798828 0.575195 0.024085 0.051793
0 0.724609 0.477539 0.035680 0.032672
0 0.719727 0.441406 0.039497 0.036167
0 0.724609 0.378906 0.039497 0.034726
0 0.752960 0.331427 0.034962 0.030531
0 0.762695 0.353516 0.034492 0.034726
0 0.796875 0.331055 0.036167 0.034027
0 0.836914 0.306641 0.036167 0.036413
0 0.839844 0.273438 0.034492 0.032672
0 0.883789 0.347656 0.042553 0.037668
0 0.904757 0.374287 0.085069 0.073472
0 0.934570 0.239258 0.042553 0.040308
0 0.957031 0.201172 0.035680 0.036167
0 0.959961 0.298828 0.039497 0.034962
0 0.980672 0.218239 0.030948 0.034726
0 0.986328 0.175781 0.027344 0.037668
