0 0.93017578125 0.33837890625 0.07317197322845459 0.04584627561271191
0 0.73681640625 0.8662109375 0.04462041296064854 0.05890889838337899
0 0.1142578125 0.865234375 0.04972965605556965 0.04742607101798058
0 0.8671875 0.29296875 0.04872901365160943 0.04742607101798058
0 0.916015625 0.2666015625 0.04972965605556965 0.044019832462072375
0 0.95263671875 0.40234375 0.04584627561271191 0.04742607101798058
0 0.51171875 0.876953125 0.030947969108819966 0.06978248655796052
0 0.9013671875 0.732421875 0.036166988685727125 0.05930939875543118
0 0.974609375 0.3154296875 0.04906030595302582 0.04169723764061928
0 0.1376953125 0.3818359375 0.043427328765392306 0.04462041296064854
0 0.912109375 0.224609375 0.039497204497456556 0.04742607101798058
0 0.7734375 0.4306640625 0.04462041296064854 0.041415668278932574
0 0.822265625 0.3212890625 0.043427328765392306 0.0411360003054142
0 0.7626953125 0.328125 0.04678772501647473 0.03741325028240681
0 0.7724609375 0.3544921875 0.04462041296064854 0.03818152584135533
0 0.833984375 0.43212890625 0.04522919319570065 0.03766760602593422
0 0.77880859375 0.4755859375 0.04522919319570065 0.03741325028240681
0 0.47265625 0.87890625 0.026662104949355128 0.06093881055712701
0 0.0146484375 0.3505859375 0.029296875 0.04742607101798058
0 0.8125 0.2978515625 0.039497204497456556 0.03641287423670292
0 0.5126953125 0.369140625 0.039497204497456556 0.036166988685727125
0 0.8134765625 0.470703125 0.03844110630452633 0.03158348146826029
0 0.818359375 0.4560546875 0.03844110630452633 0.03158348146826029
0 0.9033203125 0.4052734375 0.03568018414080143 0.03245117831975222
0 0.7431640625 0.51953125 0.030947969108819966 0.034258740767836575
0 0.185546875 0.353515625 0.032671800814568996 0.028725209459662438
0 0.4033203125 0.359375 0.032671800814568996 0.02853123713284731
0 0.672119140625 0.373046875 0.032671800814568996 0.02853123713284731
0 0.70703125 0.513671875 0.028147209994494916 0.032671800814568996
0 0.6708984375 0.3408203125 0.032671800814568996 0.02702586837112904
0 0.701171875 0.36328125 0.032671800814568996 0.02702586837112904
0 0.69921875 0.3369140625 0.031158371642231945 0.02702586837112904
0 0.32421875 0.736328125 0.027580842189490796 0.02146499026566744
