0 0.8740234375 0.3505859375 0.04255348518490792 0.034962237998843196
0 0.5126953125 0.8037109375 0.027580842189490796 0.05179301463067532
0 0.71875 0.44140625 0.039497204497456556 0.036166988685727125
0 0.9267578125 0.2451171875 0.03896557800471783 0.036166988685727125
0 0.7958984375 0.3330078125 0.03844110630452633 0.03641287423670292
0 0.71875 0.359375 0.039497204497456556 0.034962237998843196
0 0.72265625 0.4755859375 0.039497204497456556 0.033797623403370385
0 0.720703125 0.404296875 0.03844110630452633 0.03472615033388138
0 0.9599609375 0.19775390625 0.03568018414080143 0.036166988685727125
0 0.9462890625 0.306640625 0.039497204497456556 0.032671800814568996
0 0.83203125 0.30859375 0.036166988685727125 0.034962237998843196
0 0.794921875 0.5927734375 0.022355604171752932 0.05504967048764229
0 0.7568359375 0.35498046875 0.034962237998843196 0.034962237998843196
0 0.978515625 0.23193359375 0.036166988685727125 0.032671800814568996
0 0.7724609375 0.4423828125 0.033797623403370385 0.033569397404789925
0 0.06640625 0.2509765625 0.027580842189490796 0.04030827358365059
0 0.833984375 0.275390625 0.032671800814568996 0.03245117831975222
0 0.4189453125 0.3876953125 0.040582315251231196 0.02594919912517071
0 0.4794921875 0.806640625 0.021610921807587148 0.04839995875954629
0 0.58984375 0.6044921875 0.03158348146826029 0.032671800814568996
0 0.447265625 0.57421875 0.03158348146826029 0.032671800814568996
0 0.35546875 0.6787109375 0.03158348146826029 0.030947969108819966
0 0.814453125 0.4296875 0.032671800814568996 0.02853123713284731
0 0.609375 0.55078125 0.027580842189490796 0.02594919912517071
