0 0.9296875 0.8037109375 0.039497204497456556 0.05504967048764229
0 0.6298828125 0.7626953125 0.0411360003054142 0.04710581824183464
0 0.1337890625 0.4453125 0.043427328765392306 0.043722576647996905
0 0.5107421875 0.8525390625 0.026662104949355128 0.06655001193284989
0 0.2587890625 0.4560546875 0.043427328765392306 0.04030827358365059
0 0.890625 0.2744140625 0.04003608413040638 0.04169723764061928
0 0.0380859375 0.935546875 0.039497204497456556 0.041415668278932574
0 0.845703125 0.3076171875 0.04255348518490792 0.03716060742735863
0 0.7626953125 0.431640625 0.039497204497456556 0.03976573050022125
0 0.9423828125 0.326171875 0.043427328765392306 0.03592276275157929
0 0.7958984375 0.32421875 0.041415668278932574 0.03641287423670292
0 0.82177734375 0.4375 0.04003608413040638 0.03741325028240681
0 0.7451171875 0.3369140625 0.040582315251231196 0.03641287423670292
0 0.4736328125 0.8564453125 0.024085471965372564 0.06093881055712701
0 0.892578125 0.443359375 0.036166988685727125 0.04003608413040638
0 0.9775390625 0.236328125 0.036166988685727125 0.03976573050022125
0 0.892578125 0.2431640625 0.03844110630452633 0.03641287423670292
0 0.755859375 0.474609375 0.03568018414080143 0.036166988685727125
0 0.7626953125 0.3642578125 0.03568018414080143 0.034962237998843196
0 0.984375 0.19921875 0.030325233750045304 0.039497204497456556
0 0.783203125 0.4755859375 0.033797623403370385 0.034258740767836575
0 0.3056640625 0.41796875 0.03716060742735863 0.029315078258514406
0 0.69775390625 0.50439453125 0.029315078258514406 0.032671800814568996
0 0.6962890625 0.39453125 0.028147209994494916 0.028725209459662438
0 0.68896484375 0.34814453125 0.028147209994494916 0.028725209459662438
0 0.984375 0.357421875 0.027580842189490796 0.025084813311696055
0 0.718017578125 0.40704345703125 0.027580842189490796 0.025084813311696055
0 0.7216796875 0.41845703125 0.027580842189490796 0.02281467262655497
0 0.658203125 0.34619140625 0.024085471965372564 0.02281467262655497
0 0.658203125 0.380615234375 0.021757847070693972 0.02281467262655497
0 0.93212890625 0.41943359375 0.021757847070693972 0.01836751215159893
