0 0.871741 0.387302 0.081000 0.059309
0 0.699326 0.364846 0.029947 0.030278
0 0.769315 0.444460 0.033240 0.034962
0 0.503474 0.398630 0.039497 0.032451
0 0.512695 0.794922 0.024085 0.051793
0 0.794922 0.626953 0.025774 0.048400
0 0.783203 0.336914 0.036167 0.032672
0 0.822266 0.313477 0.036167 0.032672
0 0.917969 0.248047 0.036167 0.032672
0 0.305664 0.696289 0.036167 0.032451
0 0.739246 0.338774 0.032986 0.022719
0 0.953125 0.231445 0.034492 0.032672
0 0.958008 0.191406 0.032672 0.032672
0 0.882812 0.278320 0.032672 0.032672
0 0.478516 0.794922 0.021033 0.045846
0 0.422852 0.389648 0.036167 0.025949
0 0.822266 0.284180 0.032672 0.028725
0 0.721680 0.472656 0.032672 0.028531
0 0.648438 0.642578 0.027581 0.032672
0 0.918945 0.321289 0.030948 0.028531
0 0.126953 0.316406 0.024085 0.036167
0 0.512695 0.587891 0.029715 0.028531
0 0.711869 0.446291 0.028147 0.028531
