0 0.9375 0.3330078125 0.056946600228548055 0.05179301463067532
0 0.818359375 0.421875 0.04972965605556965 0.04742607101798058
0 0.876953125 0.287109375 0.04972965605556965 0.04678772501647473
0 0.1396484375 0.845703125 0.04839995875954629 0.04742607101798058
0 0.775390625 0.91015625 0.0411360003054142 0.05504967048764229
0 0.8955078125 0.708984375 0.03716060742735863 0.06093881055712701
0 0.7685546875 0.326171875 0.04972965605556965 0.041980720683932306
0 0.890625 0.4052734375 0.04972965605556965 0.04169723764061928
0 0.923828125 0.2646484375 0.04615796804428101 0.04431910440325738
0 0.9794921875 0.384765625 0.041015625 0.04678772501647473
0 0.775390625 0.353515625 0.04774850383400917 0.0411360003054142
0 0.775390625 0.4306640625 0.043427328765392306 0.0431340765208006
0 0.5107421875 0.88671875 0.028147209994494916 0.06655001193284989
0 0.8515625 0.4326171875 0.04522919319570065 0.0411360003054142
0 0.93310546875 0.22021484375 0.0411360003054142 0.0431340765208006
0 0.826171875 0.318359375 0.04255348518490792 0.0411360003054142
0 0.98046875 0.3134765625 0.0390625 0.043427328765392306
0 0.7783203125 0.470703125 0.03844110630452633 0.04003608413040638
0 0.98046875 0.2392578125 0.03844110630452633 0.03818152584135533
0 0.47265625 0.8857421875 0.024085471965372564 0.06093881055712701
0 0.814453125 0.29296875 0.039497204497456556 0.036166988685727125
0 0.986328125 0.974609375 0.02734375 0.04615796804428101
