0 0.923828 0.368164 0.124072 0.099213
0 0.970703 0.959961 0.058594 0.073172
0 0.953716 0.493164 0.041146 0.066101
0 0.833161 0.331337 0.039461 0.043643
0 0.949219 0.252930 0.050751 0.054309
0 0.808580 0.296583 0.042491 0.051442
0 0.829852 0.418338 0.042039 0.043410
0 0.975971 0.388672 0.045359 0.047426
0 0.921131 0.418717 0.047617 0.045017
0 0.510742 0.959961 0.030325 0.080078
0 0.798828 0.745117 0.045229 0.055050
0 0.464844 0.959961 0.030948 0.079370
0 0.891303 0.289345 0.041146 0.047426
0 0.835572 0.475695 0.040695 0.038757
0 0.871851 0.255056 0.043308 0.045820
0 0.416016 0.743164 0.053942 0.037161
0 0.871944 0.446928 0.023093 0.033908
0 0.990234 0.826172 0.019531 0.058511
0 0.991065 0.224289 0.017870 0.042634
0 0.993607 0.316406 0.012786 0.034492
