0 0.836914 0.394531 0.075693 0.073669
0 0.804359 0.381738 0.038441 0.047426
0 0.836914 0.368164 0.038441 0.037668
0 0.880859 0.273438 0.036167 0.037668
0 0.797852 0.328125 0.033798 0.040036
0 0.764648 0.350586 0.034962 0.037161
0 0.698234 0.393086 0.035680 0.036167
0 0.830078 0.732422 0.029715 0.042843
0 0.808594 0.812500 0.029715 0.042843
0 0.696289 0.447266 0.035680 0.033798
0 0.879883 0.342773 0.032672 0.036413
0 0.172852 0.787109 0.031583 0.037668
0 0.917969 0.250000 0.032672 0.036167
0 0.969727 0.340820 0.036167 0.032451
0 0.728516 0.369141 0.031583 0.036167
0 0.916016 0.215820 0.030948 0.035200
0 0.747561 0.449993 0.028147 0.028531
0 0.305664 0.459961 0.027581 0.028531
0 0.781275 0.431685 0.027581 0.028531
0 0.803711 0.747070 0.021611 0.029917
0 0.669922 0.654297 0.021758 0.028531
