0 0.5126953125 0.3857421875 0.04972965605556965 0.036166988685727125
0 0.814453125 0.5205078125 0.028725209459662438 0.05504967048764229
0 0.5107421875 0.8291015625 0.024747175537049772 0.05504967048764229
0 0.3173828125 0.5400390625 0.03716060742735863 0.036166988685727125
0 0.9873046875 0.931640625 0.024414082244038585 0.04906030595302582
0 0.4775390625 0.8271484375 0.021610921807587148 0.05285657495260239
0 0.4765625 0.6748046875 0.03716060742735863 0.029315078258514406
0 0.4443359375 0.5390625 0.032671800814568996 0.032671800814568996
0 0.4150390625 0.380859375 0.036166988685727125 0.02594919912517071
0 0.4765625 0.484375 0.032671800814568996 0.02853123713284731
0 0.0341796875 0.181640625 0.020609857328236104 0.02376128733158112
0 0.03125 0.255859375 0.021757847070693972 0.01836751215159893
