0 0.508789 0.687500 0.036167 0.032672
0 0.474609 0.832031 0.022356 0.055050
0 0.510742 0.832031 0.024085 0.055050
0 0.977539 0.903320 0.030948 0.050068
0 0.279297 0.523438 0.035439 0.032672
0 0.413086 0.526367 0.036167 0.032672
0 0.414062 0.377930 0.036167 0.025085
0 0.510742 0.384766 0.044319 0.033798
0 0.735352 0.349609 0.043427 0.034962
0 0.734375 0.376953 0.036167 0.032672
0 0.783203 0.341797 0.035439 0.032672
0 0.822266 0.317383 0.039497 0.036167
0 0.862305 0.289062 0.039497 0.037413
0 0.867188 0.252930 0.035680 0.032672
0 0.910156 0.339844 0.036167 0.034492
0 0.958008 0.229492 0.035680 0.034962
0 0.974609 0.190430 0.035680 0.036167
