0 0.964844 0.373047 0.068812 0.090847
0 0.785156 0.968750 0.066550 0.062500
0 0.892458 0.407765 0.055123 0.050511
0 0.902499 0.299589 0.051893 0.055116
0 0.969727 0.249512 0.060547 0.059309
0 0.907227 0.470703 0.066550 0.056562
0 0.720703 0.759766 0.059309 0.058116
0 0.944893 0.212276 0.051927 0.059239
0 0.873493 0.259258 0.054101 0.059453
0 0.951738 0.443644 0.048002 0.043892
0 0.562500 0.610352 0.051793 0.050068
0 0.939453 0.477539 0.053942 0.047426
0 0.981445 0.971680 0.037109 0.056180
0 0.368164 0.299805 0.056562 0.040308
