0 0.512695 0.398438 0.049730 0.033798
0 0.734375 0.720703 0.032672 0.044020
0 0.843750 0.367188 0.039497 0.034962
0 0.734375 0.661133 0.032014 0.040858
0 0.232422 0.738281 0.034962 0.036167
0 0.808594 0.677734 0.027581 0.043723
0 0.701172 0.371582 0.034962 0.033798
0 0.701172 0.448242 0.034492 0.032451
0 0.708173 0.476208 0.032672 0.032451
0 0.901766 0.262204 0.032672 0.032451
0 0.599609 0.614258 0.029715 0.032672
0 0.934570 0.239258 0.029315 0.032672
0 0.890625 0.333008 0.032672 0.028531
0 0.811764 0.321416 0.029715 0.030948
0 0.215820 0.396484 0.027581 0.032672
0 0.939453 0.197266 0.027581 0.031798
0 0.739681 0.364425 0.027581 0.028725
0 0.774508 0.344734 0.025774 0.028725
0 0.807711 0.288701 0.027581 0.025949
0 0.428711 0.394531 0.027581 0.024249
0 0.025391 0.221680 0.017164 0.022508
