0 0.9323221173018972 0.5224609375 0.03655656954608377 0.07169963493943216
0 0.8816826929068429 0.296090481080729 0.03949226060347921 0.041428359738616805
0 0.825338049852643 0.3347642240345981 0.03883360627800492 0.042742306925718905
0 0.8220048117665315 0.4189453125 0.045749476695485014 0.04742607101798058
0 0.93687560263916 0.2601567169884673 0.04511907577724972 0.0506220736076099
0 0.8302605794631113 0.7724609375 0.03839612903442613 0.056562056764960296
0 0.958984375 0.392578125 0.04972965605556965 0.04742607101798058
0 0.7999122561403114 0.302734375 0.03227531643050108 0.04742607101798058
0 0.8263822145342143 0.4736304775576635 0.041496476987140984 0.04093301990114767
0 0.5118352668674806 0.9529515520787256 0.024059158944979175 0.07206321114182135
0 0.4646276784549977 0.951171875 0.02130366313818899 0.07366944029927254
0 0.8643377454174801 0.44765671698846726 0.026786872082420587 0.03640168262699983
0 0.3740234375 0.7431640625 0.04661450751159335 0.036166988685727125
0 0.5043267289944571 0.3455714009941469 0.03849512561883345 0.03847542400183195
0 0.8600450733136857 0.26259462082496254 0.03448918035168058 0.038644013344990014
0 0.986328125 0.22724632724423363 0.02734375 0.03807102565319385
0 0.9831538410011513 0.17667580036365438 0.03369231799769723 0.042789224699613174
0 0.990234375 0.3173828125 0.01953125 0.03818152584135533
0 0.38849358534981904 0.3344551883663479 0.0418516859081005 0.03062094580371151
0 0.9081358522787575 0.37731584068655566 0.12152297753226748 0.10714406319431641
0 0.9117584510688661 0.4185915117496114 0.04248445847535243 0.04098589539112085
