0 0.8330078125 0.39453125 0.07169963493943216 0.06610062047839166
0 0.837890625 0.8427734375 0.031158371642231945 0.04492377042770386
0 0.1552734375 0.8037109375 0.034962237998843196 0.03844110630452633
0 0.8759765625 0.2744140625 0.036166988685727125 0.036166988685727125
0 0.837890625 0.75390625 0.03245117831975222 0.04003608413040638
0 0.6875 0.4482421875 0.03449165262281895 0.033797623403370385
0 0.685546875 0.669921875 0.03158348146826029 0.036166988685727125
0 0.9365234375 0.359375 0.034962237998843196 0.032671800814568996
0 0.83984375 0.2890625 0.032671800814568996 0.034962237998843196
0 0.794921875 0.326171875 0.03158348146826029 0.0340274004265666
0 0.9130859375 0.25390625 0.032671800814568996 0.032671800814568996
0 0.69140625 0.380859375 0.032671800814568996 0.032671800814568996
0 0.7607421875 0.353515625 0.03158348146826029 0.032671800814568996
0 0.9150390625 0.2177734375 0.029715039767324928 0.032671800814568996
0 0.3349609375 0.4755859375 0.029715039767324928 0.032671800814568996
0 0.6884765625 0.48046875 0.028147209994494916 0.032671800814568996
0 0.7255859375 0.37109375 0.029315078258514406 0.030947969108819966
0 0.7216796875 0.47265625 0.028147209994494916 0.029514381848275664
0 0.7099609375 0.47900390625 0.027580842189490796 0.02853123713284731
0 0.7099609375 0.353515625 0.026303236372768882 0.02853123713284731
