0 0.934570 0.364258 0.129220 0.103329
0 0.917969 0.895508 0.050751 0.065654
0 0.974151 0.241211 0.051698 0.052857
0 0.915427 0.284036 0.048339 0.038046
0 0.982910 0.774902 0.034180 0.077248
0 0.853903 0.323158 0.046406 0.047943
0 0.823461 0.290401 0.036083 0.050103
0 0.942373 0.415039 0.049606 0.037668
0 0.744141 0.698242 0.044319 0.054309
0 0.507812 0.768555 0.049730 0.047426
0 0.854825 0.472210 0.043204 0.046534
0 0.889534 0.246902 0.039523 0.045267
0 0.378906 0.321289 0.050408 0.036167
0 0.989472 0.384766 0.021057 0.039766
0 0.844535 0.415982 0.046726 0.050142
0 0.504377 0.336181 0.041884 0.046205
