0 0.298828 0.756836 0.053942 0.040308
0 0.467773 0.929688 0.028147 0.068378
0 0.512695 0.929688 0.028147 0.071215
0 0.882812 0.828125 0.041136 0.055050
0 0.502907 0.353436 0.039235 0.036980
0 0.394531 0.338867 0.039497 0.029315
0 0.892985 0.423620 0.038966 0.039766
0 0.810875 0.476143 0.032444 0.038591
0 0.813004 0.340274 0.039924 0.042014
0 0.787802 0.308594 0.040570 0.044020
0 0.845703 0.270508 0.039497 0.037413
0 0.866731 0.304278 0.037599 0.041187
0 0.918142 0.271484 0.045477 0.047426
0 0.973035 0.236016 0.038966 0.044760
0 0.967584 0.186915 0.045930 0.051189
0 0.974609 0.318359 0.049730 0.053216
0 0.808751 0.423633 0.040655 0.044353
0 0.847212 0.448794 0.020776 0.032829
0 0.837489 0.486054 0.020776 0.032829
0 0.940123 0.398089 0.038966 0.039766
0 0.891939 0.377730 0.113294 0.099690
