0 0.7470703125 0.41796875 0.04972965605556965 0.04742607101798058
0 0.193359375 0.7705078125 0.036166988685727125 0.03641287423670292
0 0.8212890625 0.712890625 0.029715039767324928 0.04431910440325738
0 0.783203125 0.7822265625 0.029715039767324928 0.040858217328786854
0 0.818359375 0.3681640625 0.033797623403370385 0.034962237998843196
0 0.69091796875 0.37744140625 0.03158348146826029 0.03245117831975222
0 0.7421875 0.37060546875 0.030947969108819966 0.03245117831975222
0 0.8046875 0.326171875 0.029315078258514406 0.032671800814568996
0 0.767578125 0.34765625 0.027957140840590002 0.032671800814568996
0 0.642578125 0.6416015625 0.027580842189490796 0.032671800814568996
0 0.2783203125 0.4404296875 0.027580842189490796 0.030947969108819966
0 0.68701171875 0.44384765625 0.027580842189490796 0.029514381848275664
0 0.705078125 0.475830078125 0.028147209994494916 0.02853123713284731
0 0.779296875 0.7197265625 0.02577397227287293 0.030947969108819966
0 0.71484375 0.3505859375 0.02577397227287293 0.02853123713284731
0 0.7451171875 0.4482421875 0.024085471965372564 0.02853123713284731
0 0.724609375 0.4736328125 0.024085471965372564 0.02702586837112904
0 0.6297836303710938 0.38890838623046875 0.024085471965372564 0.025084813311696055
0 0.6640625 0.44140625 0.024085471965372564 0.024249220825731756
0 0.6513671875 0.4267578125 0.022355604171752932 0.02281467262655497
0 0.6494140625 0.3997802734375 0.021757847070693972 0.02281467262655497
0 0.658203125 0.408203125 0.021757847070693972 0.02281467262655497
