0 0.968750 0.877930 0.034962 0.052857
0 0.844727 0.484375 0.034962 0.050068
0 0.740234 0.436523 0.039497 0.036167
0 0.746094 0.473633 0.039497 0.036167
0 0.508789 0.837891 0.024085 0.058511
0 0.247070 0.510742 0.039497 0.034962
0 0.736328 0.347656 0.039497 0.034962
0 0.532227 0.695312 0.036167 0.034962
0 0.375000 0.510742 0.037924 0.032672
0 0.785156 0.341797 0.034962 0.033798
0 0.841797 0.416992 0.035680 0.032451
0 0.745290 0.370912 0.034962 0.032672
0 0.473633 0.838867 0.021465 0.052145
0 0.412109 0.375000 0.036167 0.025085
