0 0.929498 0.367185 0.133686 0.107793
0 0.849609 0.466797 0.059713 0.056180
0 0.947266 0.926758 0.049730 0.065654
0 0.842532 0.322592 0.046213 0.053309
0 0.816287 0.291989 0.043774 0.045410
0 0.836921 0.415691 0.046701 0.045288
0 0.901244 0.284141 0.046070 0.048526
0 0.932981 0.416667 0.050360 0.046776
0 0.958310 0.251653 0.045161 0.051359
0 0.980290 0.466793 0.039419 0.059553
0 0.462891 0.750977 0.053942 0.044319
0 0.772094 0.723633 0.042208 0.054309
0 0.514648 0.969727 0.034962 0.060547
0 0.985352 0.804688 0.029297 0.069782
0 0.877970 0.249023 0.041394 0.047426
0 0.464844 0.967773 0.029514 0.064453
0 0.381836 0.325195 0.049060 0.033798
0 0.982852 0.387695 0.034296 0.046788
0 0.504141 0.337654 0.041581 0.045479
