0 0.913901 0.553711 0.033757 0.074675
0 0.795786 0.304135 0.038185 0.045253
0 0.513672 0.940430 0.030948 0.077248
0 0.948606 0.397458 0.043143 0.039620
0 0.813841 0.420657 0.043254 0.040270
0 0.819672 0.473192 0.037303 0.041825
0 0.927198 0.265928 0.043254 0.046493
0 0.872609 0.299805 0.038704 0.039320
0 0.464844 0.940430 0.029715 0.073669
0 0.904297 0.418945 0.049730 0.043427
0 0.977996 0.176108 0.044009 0.050982
0 0.858398 0.800781 0.041136 0.051096
0 0.820635 0.336560 0.045179 0.042942
0 0.335938 0.748047 0.052857 0.037161
0 0.855461 0.448658 0.024227 0.029313
0 0.980745 0.230014 0.037109 0.043845
0 0.852756 0.266913 0.038002 0.036791
0 0.982422 0.317383 0.032672 0.046158
0 0.865234 0.869141 0.034962 0.039766
0 0.900205 0.377691 0.113765 0.104672
