0 0.925150 0.289023 0.056262 0.058239
0 0.892672 0.245205 0.056308 0.064948
0 0.976562 0.373047 0.046875 0.090275
0 0.910156 0.907227 0.063467 0.073172
0 0.929688 0.468750 0.068843 0.058511
0 0.971447 0.198127 0.055296 0.057670
0 0.616211 0.719727 0.062613 0.058511
0 0.919790 0.403471 0.060547 0.055050
0 0.984734 0.247791 0.030532 0.048247
0 0.477539 0.579102 0.051443 0.051793
0 0.354492 0.284180 0.056562 0.040308
0 0.567383 0.639648 0.049730 0.043723
0 0.978370 0.442658 0.043261 0.043723
0 0.957436 0.488410 0.034532 0.033341
