0 0.917405 0.341182 0.048966 0.043427
0 0.514648 0.368164 0.061770 0.039766
0 0.086914 0.887695 0.049730 0.047426
0 0.911133 0.756348 0.037161 0.060939
0 0.934570 0.416016 0.049730 0.045229
0 0.049805 0.386719 0.045537 0.048400
0 0.766433 0.433594 0.040950 0.041136
0 0.699219 0.832031 0.038441 0.048400
0 0.904826 0.228516 0.038626 0.041697
0 0.178711 0.410156 0.043427 0.041136
0 0.907162 0.266602 0.034871 0.041136
0 0.859926 0.298155 0.039758 0.038182
0 0.752187 0.333008 0.030223 0.038182
0 0.815165 0.330010 0.035351 0.037413
0 0.771261 0.474609 0.038735 0.037413
0 0.771818 0.358521 0.039497 0.037161
0 0.509766 0.872070 0.024085 0.060939
0 0.473633 0.873047 0.023126 0.060939
0 0.800846 0.300781 0.031815 0.034492
0 0.225586 0.377930 0.037161 0.032672
0 0.404297 0.362305 0.038441 0.027581
0 0.961071 0.319779 0.039363 0.043427
0 0.839111 0.395537 0.096982 0.087389
0 0.839831 0.429895 0.038735 0.037413
0 0.880644 0.408555 0.038735 0.037413
