0 0.907223 0.854784 0.037161 0.059309
0 0.258590 0.770977 0.040043 0.034460
0 0.513672 0.918945 0.029715 0.071700
0 0.893319 0.612228 0.025473 0.068843
0 0.467773 0.920898 0.028147 0.066101
0 0.504157 0.356407 0.041136 0.037668
0 0.397461 0.343750 0.043427 0.027026
0 0.801759 0.427057 0.039241 0.040027
0 0.806286 0.473616 0.037208 0.040027
0 0.837185 0.450848 0.018099 0.026294
0 0.830477 0.486626 0.018099 0.026294
0 0.884348 0.425911 0.039647 0.040750
0 0.931714 0.400613 0.039647 0.040750
0 0.911792 0.275568 0.039647 0.040750
0 0.862596 0.308094 0.039647 0.040750
0 0.838608 0.277014 0.039647 0.040750
0 0.787380 0.313877 0.039647 0.040750
0 0.806895 0.345680 0.039647 0.040750
0 0.956516 0.196060 0.039647 0.040750
0 0.961395 0.239428 0.039647 0.040750
0 0.972169 0.321466 0.052251 0.053038
