0 0.5107421875 0.38671875 0.05504967048764229 0.036166988685727125
0 0.943359375 0.2353515625 0.043427328765392306 0.03818152584135533
0 0.7724609375 0.44140625 0.0411360003054142 0.036166988685727125
0 0.7255859375 0.4404296875 0.039497204497456556 0.036166988685727125
0 0.890625 0.34228515625 0.039497204497456556 0.034962237998843196
0 0.95703125 0.197265625 0.03568018414080143 0.036166988685727125
0 0.716796875 0.35546875 0.039497204497456556 0.03245117831975222
0 0.806640625 0.3291015625 0.036166988685727125 0.03449165262281895
0 0.849609375 0.3544921875 0.034962237998843196 0.03449165262281895
0 0.7724609375 0.353515625 0.036166988685727125 0.032671800814568996
0 0.845703125 0.3046875 0.036166988685727125 0.032671800814568996
0 0.724609375 0.3837890625 0.036166988685727125 0.03245117831975222
0 0.986328125 0.2001953125 0.02734375 0.03766760602593422
0 0.4169921875 0.6708984375 0.041980720683932306 0.026843369938433174
0 0.5205078125 0.5712890625 0.036166988685727125 0.030947969108819966
0 0.8037109375 0.5576171875 0.020609857328236104 0.05179301463067532
0 0.7255859375 0.4775390625 0.032671800814568996 0.03245117831975222
0 0.384765625 0.55859375 0.036166988685727125 0.02853123713284731
0 0.841796875 0.2705078125 0.03449165262281895 0.028725209459662438
0 0.4169921875 0.3837890625 0.040582315251231196 0.024249220825731756
0 0.9892578125 0.16015625 0.021484375 0.03592276275157929
0 0.5517578125 0.5146484375 0.027580842189490796 0.02853123713284731
0 0.98974609375 0.23486328125 0.0205078125 0.03472615033388138
0 0.0078125 0.181640625 0.015625 0.04431910440325738
