0 0.865234 0.381836 0.107616 0.090234
0 0.955515 0.328613 0.049619 0.047426
0 0.193168 0.803711 0.042508 0.044319
0 0.888672 0.663086 0.034962 0.069311
0 0.943359 0.249023 0.049730 0.047426
0 0.940430 0.205078 0.049730 0.047426
0 0.890001 0.284180 0.042177 0.044620
0 0.956055 0.919434 0.037161 0.055050
0 0.842404 0.312988 0.037655 0.044620
0 0.773687 0.319336 0.034575 0.041981
0 0.793945 0.426758 0.044620 0.044620
0 0.868272 0.425781 0.040179 0.039766
0 0.513672 0.905273 0.028147 0.068378
0 0.514648 0.356445 0.044620 0.041981
0 0.469727 0.904297 0.025949 0.068378
0 0.950195 0.955078 0.037161 0.047426
0 0.014648 0.274414 0.029297 0.052857
0 0.795898 0.474609 0.040036 0.037668
0 0.791016 0.349609 0.040582 0.036167
0 0.833984 0.462891 0.038441 0.034492
0 0.826309 0.283594 0.038441 0.034492
0 0.399414 0.350586 0.039497 0.027957
0 0.975098 0.974121 0.020610 0.036660
0 0.912763 0.403499 0.040179 0.039766
