0 0.9111328125 0.9052734375 0.08099981620907784 0.08099981620907784
0 0.2826603811023035 0.5894894735443543 0.06692179362722209 0.07192740113974605
0 0.6840348328934485 0.775814206110433 0.06600793460282195 0.07037168600758859
0 0.21134711750413787 0.4638671875 0.05788750602670886 0.06477054208517075
0 0.9775390625 0.19921875 0.044921875 0.06978248655796052
0 0.337890625 0.2392578125 0.07169963493943216 0.05179301463067532
0 0.97900390625 0.8740234375 0.0419921875 0.07317197322845459
0 0.82835671296722 0.6563382845135265 0.04959752616298821 0.0524792377379073
0 0.9775390625 0.3828125 0.044921875 0.05811599493026734
0 0.98046875 0.462890625 0.0390625 0.05144326984882355
0 0.9853515625 0.24609375 0.029296875 0.05930939875543118
