0 0.824670 0.403617 0.069311 0.066101
0 0.511266 0.771148 0.026146 0.054309
0 0.912584 0.252991 0.039497 0.034962
0 0.776427 0.432631 0.035680 0.036167
0 0.133789 0.825195 0.031583 0.037668
0 0.857910 0.780762 0.029715 0.039497
0 0.802124 0.383478 0.033798 0.034492
0 0.906250 0.375000 0.035680 0.032672
0 0.698320 0.397686 0.031583 0.034962
0 0.794377 0.330440 0.031583 0.034027
0 0.865234 0.347656 0.032672 0.032672
0 0.705078 0.687500 0.028725 0.037161
0 0.862305 0.882812 0.027581 0.037924
0 0.760742 0.353516 0.030948 0.032672
0 0.692798 0.452422 0.030948 0.032451
0 0.736328 0.370117 0.029315 0.032672
0 0.745586 0.449166 0.028147 0.028531
0 0.878114 0.276263 0.025774 0.028531
0 0.367188 0.491211 0.025255 0.028531
0 0.847062 0.814672 0.024085 0.029917
