0 0.9462890625 0.9404296875 0.05930939875543118 0.07169963493943216
0 0.673828125 0.7412109375 0.060118582844734196 0.06261299103498459
0 0.5214983387842796 0.5981922689883352 0.04536609718422269 0.047878286975932105
0 0.978515625 0.2490234375 0.04296875 0.05179301463067532
0 0.357421875 0.29296875 0.056562056764960296 0.04030827358365059
0 0.91391044097976 0.46944142897318664 0.05028526740209738 0.04861271020308622
0 0.9584052223595703 0.4375 0.03844110630452633 0.0340274004265666
0 0.9063345105845827 0.40568861858241634 0.05421700430025167 0.05674225065422167
0 0.9428049559057243 0.49088022770502787 0.03568018414080143 0.02853123713284731
0 0.9568075406289498 0.2049164408109247 0.049027763608272434 0.05796990855634407
0 0.9678726545173371 0.3702715302722538 0.06425469096532599 0.08371811977655047
