0 0.716797 0.916992 0.059309 0.065654
0 0.957490 0.263608 0.046324 0.058512
0 0.886785 0.304688 0.040365 0.053216
0 0.860238 0.266081 0.045360 0.053216
0 0.889030 0.473103 0.045849 0.046350
0 0.932079 0.220584 0.047008 0.043137
0 0.766602 0.783203 0.049730 0.058511
0 0.603516 0.624023 0.049730 0.054309
0 0.368164 0.304688 0.058511 0.041981
0 0.504883 0.317383 0.049730 0.047426
0 0.933979 0.443350 0.030538 0.044107
0 0.985352 0.411133 0.029297 0.046158
0 0.884400 0.412251 0.050623 0.052608
0 0.038086 0.285156 0.032672 0.028531
0 0.920516 0.487083 0.027581 0.022815
0 0.954164 0.371605 0.075298 0.086943
