0 0.3720703125 0.3095703125 0.056562056764960296 0.03716060742735863
0 0.509765625 0.3212890625 0.04972965605556965 0.04742607101798058
0 0.640625 0.6396484375 0.05179301463067532 0.05430871099233628
0 0.6669921875 0.869140625 0.06521089375019073 0.06093881055712701
0 0.814453125 0.8076171875 0.053941976651549345 0.06135311238467694
0 0.984375 0.6689453125 0.030947969108819966 0.09660332053899766
0 0.9459223651040727 0.26822397713105345 0.04744090533857437 0.050198954158038656
0 0.9193402142337915 0.228046581470877 0.04462041296064854 0.04742607101798058
0 0.8828125 0.3095703125 0.06261299103498459 0.056562056764960296
0 0.874019545832581 0.41243230106552675 0.05862050661085705 0.05005682963390684
0 0.8789140333348379 0.4727561077184225 0.04356824314322279 0.0419621264059552
0 0.973628920832581 0.41409060028351835 0.052742158334837974 0.056562056764960296
0 0.8522942725189762 0.27491015696172155 0.05 0.05
0 0.9222254711193041 0.4407934488035854 0.03211062361386963 0.036266742723331524
0 0.9061738320026118 0.49077361848406365 0.03211062361386963 0.036266742723331524
