0 0.5107421875 0.8505859375 0.026662104949355128 0.060118582844734196
0 0.474609375 0.8515625 0.024085471965372564 0.05504967048764229
0 0.1689453125 0.4716796875 0.03844110630452633 0.043722576647996905
0 0.2978515625 0.4755859375 0.03716060742735863 0.03741325028240681
0 0.33984375 0.431640625 0.034962237998843196 0.02853123713284731
0 0.599609375 0.736328125 0.045536689460277564 0.04584627561271191
0 0.943359375 0.8271484375 0.032671800814568996 0.05504967048764229
0 0.1728515625 0.810546875 0.02525535635650158 0.025084813311696055
0 0.017578125 0.9580078125 0.03515625 0.043427328765392306
0 0.943359375 0.9404296875 0.024085471965372564 0.034258740767836575
0 0.806640625 0.71875 0.021757847070693972 0.025084813311696055
0 0.876953125 0.4580078125 0.03844110630452633 0.04584627561271191
0 0.748046875 0.47265625 0.04003608413040638 0.03976573050022125
0 0.7509765625 0.43359375 0.04255348518490792 0.0411360003054142
0 0.7529296875 0.369140625 0.03844110630452633 0.03818152584135533
0 0.734375 0.3427734375 0.039497204497456556 0.03741325028240681
0 0.7841796875 0.310546875 0.039497204497456556 0.03449165262281895
0 0.8369140625 0.310546875 0.039497204497456556 0.04030827358365059
0 0.8828125 0.2802734375 0.04003608413040638 0.0411360003054142
0 0.8955078125 0.3447265625 0.046471779048442845 0.04003608413040638
0 0.9267578125 0.328125 0.0431340765208006 0.03716060742735863
0 0.9580078125 0.2412109375 0.03844110630452633 0.0431340765208006
0 0.98046875 0.193359375 0.03844110630452633 0.043427328765392306
0 0.984375 0.2314453125 0.030947969108819966 0.03766760602593422
