0 0.9560546875 0.8525390625 0.034962237998843196 0.050067750737071044
0 0.564453125 0.7158203125 0.039497204497456556 0.04030827358365059
0 0.208984375 0.4912109375 0.040582315251231196 0.03741325028240681
0 0.3369140625 0.4921875 0.03792369514703751 0.036166988685727125
0 0.5087890625 0.845703125 0.024747175537049772 0.05504967048764229
0 0.7392578125 0.345703125 0.039497204497456556 0.03245117831975222
0 0.748046875 0.4326171875 0.03449165262281895 0.036166988685727125
0 0.474609375 0.845703125 0.022355604171752932 0.05504967048764229
0 0.8369140625 0.3134765625 0.036166988685727125 0.033797623403370385
0 0.876953125 0.28125 0.034962237998843196 0.034962237998843196
0 0.787109375 0.3369140625 0.036166988685727125 0.032671800814568996
0 0.4091796875 0.3701171875 0.040582315251231196 0.02702586837112904
0 0.7509765625 0.4755859375 0.032671800814568996 0.03245117831975222
0 0.748046875 0.3662109375 0.036166988685727125 0.028725209459662438
0 0.95703125 0.94921875 0.024085471965372564 0.03666043169796467
0 0.7216796875 0.3603515625 0.028147209994494916 0.02594919912517071
0 0.8994140625 0.3427734375 0.027580842189490796 0.02594919912517071
0 0.69140625 0.5048828125 0.024085471965372564 0.02853123713284731
0 0.9541015625 0.345703125 0.024085471965372564 0.024249220825731756
0 0.6748046875 0.3857421875 0.024085471965372564 0.02281467262655497
0 0.7099609375 0.373046875 0.024085471965372564 0.02281467262655497
0 0.689453125 0.4267578125 0.020609857328236104 0.024249220825731756
0 0.6513671875 0.3828125 0.021757847070693972 0.02281467262655497
0 0.677734375 0.3525390625 0.021757847070693972 0.02281467262655497
0 0.708984375 0.4248046875 0.021757847070693972 0.02281467262655497
0 0.7119140625 0.4384765625 0.021757847070693972 0.02281467262655497
0 0.7216796875 0.4339473247528076 0.021757847070693972 0.02281467262655497
0 0.7197265625 0.4482421875 0.021757847070693972 0.02281467262655497
0 0.7216796875 0.3974609375 0.021757847070693972 0.02281467262655497
0 0.708984375 0.3974609375 0.021757847070693972 0.02281467262655497
0 0.7216796875 0.4111328125 0.021757847070693972 0.021757847070693972
0 0.9345703125 0.3828125 0.021757847070693972 0.019788785465061666
0 0.8994140625 0.4013671875 0.021757847070693972 0.019788785465061666
0 0.6513671875 0.34765625 0.021757847070693972 0.019788785465061666
