0 0.9462890625 0.357421875 0.10198422446846962 0.07317197322845459
0 0.94921875 0.2314453125 0.043427328765392306 0.0411360003054142
0 0.80859375 0.318359375 0.04255348518490792 0.04003608413040638
0 0.806640625 0.5419921875 0.026303236372768882 0.05504967048764229
0 0.8583984375 0.3544921875 0.03844110630452633 0.03766760602593422
0 0.5146484375 0.8232421875 0.027580842189490796 0.05179301463067532
0 0.8515625 0.271484375 0.03844110630452633 0.03641287423670292
0 0.728515625 0.353515625 0.03844110630452633 0.03449165262281895
0 0.896484375 0.3408203125 0.036166988685727125 0.03641287423670292
0 0.7275390625 0.439453125 0.03568018414080143 0.036166988685727125
0 0.9619140625 0.197265625 0.03568018414080143 0.036166988685727125
0 0.5126953125 0.3876953125 0.039497204497456556 0.03245117831975222
0 0.4775390625 0.822265625 0.024085471965372564 0.05285657495260239
0 0.7724609375 0.349609375 0.036166988685727125 0.0340274004265666
0 0.8515625 0.3173828125 0.033797623403370385 0.03449165262281895
0 0.73095703125 0.4794921875 0.030947969108819966 0.036166988685727125
0 0.73046875 0.37890625 0.03449165262281895 0.03245117831975222
0 0.4833984375 0.5556640625 0.032671800814568996 0.03245117831975222
0 0.3505859375 0.548828125 0.036166988685727125 0.02853123713284731
0 0.44140625 0.671875 0.034962237998843196 0.027580842189490796
0 0.4189453125 0.3818359375 0.036166988685727125 0.023125945031642916
0 0.9892578125 0.17578125 0.021484375 0.03592276275157929
0 0.5146484375 0.5 0.027580842189490796 0.02594919912517071
0 0.990234375 0.287109375 0.01953125 0.03449165262281895
