0 0.942768 0.366572 0.114465 0.108872
0 0.860680 0.319629 0.050537 0.052860
0 0.884766 0.862305 0.053942 0.069311
0 0.834375 0.283593 0.049472 0.054665
0 0.920043 0.277342 0.042149 0.047455
0 0.980469 0.749023 0.038966 0.086093
0 0.855524 0.415039 0.046878 0.053216
0 0.889341 0.488268 0.029143 0.028234
0 0.710769 0.681715 0.043533 0.046647
0 0.977539 0.241211 0.044922 0.056180
0 0.899043 0.239258 0.045969 0.047426
0 0.555927 0.793269 0.047251 0.048138
0 0.377930 0.317383 0.056562 0.040308
0 0.901113 0.446940 0.033528 0.030008
0 0.954092 0.413768 0.046491 0.044249
0 0.859427 0.473311 0.043198 0.043293
0 0.131836 0.389648 0.035680 0.025085
