0 0.933344 0.271973 0.046540 0.059309
0 0.851074 0.830566 0.053942 0.064771
0 0.980469 0.710938 0.038441 0.090275
0 0.871213 0.315430 0.051662 0.053216
0 0.969727 0.411133 0.060547 0.048400
0 0.607422 0.827148 0.053942 0.056562
0 0.840541 0.276367 0.046623 0.053216
0 0.677734 0.659180 0.049730 0.056562
0 0.506836 0.326172 0.045229 0.046788
0 0.374023 0.313477 0.056562 0.037161
0 0.983823 0.232753 0.032354 0.051793
0 0.873047 0.468750 0.045229 0.037668
0 0.727539 0.735352 0.038441 0.043134
0 0.916016 0.445312 0.043427 0.036167
0 0.900391 0.492188 0.035680 0.028531
0 0.733398 0.915039 0.027581 0.032672
0 0.909294 0.233389 0.046540 0.059309
0 0.947744 0.366421 0.104513 0.103694
0 0.863006 0.414234 0.050284 0.053094
