0 0.142578125 0.43359375 0.06261299103498459 0.06565423682332039
0 0.2099609375 0.5556640625 0.07569336965680123 0.07317197322845459
0 0.330078125 0.23046875 0.07366944029927254 0.05179301463067532
0 0.5107421875 0.2490234375 0.06521089375019073 0.06884322538971901
0 0.625535938315016 0.755859375 0.06516740544401967 0.06978248655796052
0 0.7651430795558471 0.6142755837720862 0.046639987423200774 0.052925853045963006
0 0.8610237067994753 0.8779296875 0.07044283105785076 0.08099981620907784
0 0.947265625 0.8486328125 0.07569336965680123 0.07936996594071388
0 0.9775390625 0.1904296875 0.044921875 0.07317197322845459
0 0.98913281453754 0.3828125 0.021734370924920143 0.05285657495260239
