0 0.6640625 0.79296875 0.0411360003054142 0.04710581824183464
0 0.919921875 0.7783203125 0.03716060742735863 0.05930939875543118
0 0.919921875 0.427734375 0.043427328765392306 0.04584627561271191
0 0.9111328125 0.3447265625 0.04972965605556965 0.0431340765208006
0 0.900390625 0.2705078125 0.043427328765392306 0.04431910440325738
0 0.8564453125 0.30078125 0.04678772501647473 0.0431340765208006
0 0.8134765625 0.3330078125 0.046471779048442845 0.0411360003054142
0 0.787109375 0.3046875 0.036166988685727125 0.034962237998843196
0 0.7626953125 0.3583984375 0.03844110630452633 0.0431340765208006
0 0.7451171875 0.3369140625 0.039497204497456556 0.03716060742735863
0 0.767578125 0.4306640625 0.0411360003054142 0.043722576647996905
0 0.767578125 0.474609375 0.03716060742735863 0.036166988685727125
0 0.701171875 0.5078125 0.027580842189490796 0.034258740767836575
0 0.5087890625 0.861328125 0.027580842189490796 0.06978248655796052
0 0.4736328125 0.8642578125 0.024085471965372564 0.062190182134509095
0 0.4052734375 0.3642578125 0.040582315251231196 0.02702586837112904
0 0.265625 0.3984375 0.036166988685727125 0.02853123713284731
0 0.21875 0.43359375 0.043427328765392306 0.03976573050022125
0 0.0908203125 0.4189453125 0.04774850383400917 0.04742607101798058
0 0.056640625 0.912109375 0.039497204497456556 0.04839995875954629
0 0.912109375 0.2333984375 0.03844110630452633 0.03976573050022125
0 0.9794921875 0.2314453125 0.03976573050022125 0.03976573050022125
0 0.98046875 0.1787109375 0.0390625 0.04678772501647473
