0 0.8525390625 0.3935546875 0.05851110257208348 0.05179301463067532
0 0.255859375 0.7216796875 0.03844110630452633 0.04003608413040638
0 0.5087890625 0.7861328125 0.02577397227287293 0.05179301463067532
0 0.806640625 0.6591796875 0.027580842189490796 0.04584627561271191
0 0.90234375 0.255859375 0.03568018414080143 0.034962237998843196
0 0.84765625 0.3623046875 0.036166988685727125 0.032671800814568996
0 0.9384765625 0.234375 0.032671800814568996 0.033797623403370385
0 0.9462890625 0.1953125 0.032671800814568996 0.033797623403370385
0 0.708984375 0.6923828125 0.029315078258514406 0.03766760602593422
0 0.185546875 0.3720703125 0.029715039767324928 0.036166988685727125
0 0.703857421875 0.373291015625 0.032671800814568996 0.03245117831975222
0 0.814453125 0.3173828125 0.032671800814568996 0.03245117831975222
0 0.7080078125 0.4736328125 0.030947969108819966 0.033797623403370385
0 0.5693359375 0.6064453125 0.03158348146826029 0.032671800814568996
0 0.8251953125 0.3623046875 0.032671800814568996 0.030947969108819966
0 0.7109375 0.63671875 0.027580842189490796 0.033797623403370385
0 0.4775390625 0.7861328125 0.019788785465061666 0.04584627561271191
0 0.7734375 0.4365234375 0.0340274004265666 0.02594919912517071
0 0.8974609375 0.328125 0.029715039767324928 0.02853123713284731
0 0.85400390625 0.3232421875 0.027957140840590002 0.028725209459662438
0 0.7392578125 0.3623046875 0.027580842189490796 0.028725209459662438
0 0.7080078125 0.404296875 0.027580842189490796 0.02853123713284731
0 0.73681640625 0.34765625 0.027580842189490796 0.02853123713284731
0 0.7080078125 0.44873046875 0.027580842189490796 0.02853123713284731
0 0.739990234375 0.4512939453125 0.027580842189490796 0.027580842189490796
0 0.669921875 0.5029296875 0.024085471965372564 0.02853123713284731
0 0.7724609375 0.451171875 0.027580842189490796 0.024414082244038585
0 0.67529296875 0.44140625 0.024085471965372564 0.02594919912517071
0 0.636962890625 0.38232421875 0.024085471965372564 0.024414082244038585
0 0.67578125 0.4072265625 0.024085471965372564 0.02281467262655497
0 0.7880859375 0.607421875 0.021757847070693972 0.02281467262655497
