0 0.927734375 0.888671875 0.039497204497456556 0.05144326984882355
0 0.9267578125 0.9296875 0.039497204497456556 0.032671800814568996
0 0.5107421875 0.9140625 0.028147209994494916 0.0683783482760191
0 0.46875 0.9140625 0.026662104949355128 0.06610062047839166
0 0.8916015625 0.638671875 0.030947969108819966 0.07169963493943216
0 0.232421875 0.787109375 0.053941976651549345 0.04742607101798058
0 0.3310546875 0.69921875 0.030947969108819966 0.021757847070693972
0 0.3974609375 0.34765625 0.040582315251231196 0.027957140840590002
0 0.5126953125 0.3564453125 0.04462041296064854 0.036166988685727125
0 0.5576171875 0.3984375 0.029315078258514406 0.023441462777554992
0 0.6259765625 0.6279296875 0.027580842189490796 0.02281467262655497
0 0.5009765625 0.73828125 0.029715039767324928 0.02074997611343861
0 0.796875 0.7314453125 0.02577397227287293 0.024249220825731756
0 0.798828125 0.458984375 0.030947969108819966 0.02853123713284731
0 0.794921875 0.4228515625 0.03449165262281895 0.036166988685727125
0 0.794921875 0.345703125 0.036166988685727125 0.034962237998843196
0 0.7802734375 0.31640625 0.043427328765392306 0.04003608413040638
0 0.8251953125 0.28125 0.039497204497456556 0.03449165262281895
0 0.84765625 0.310546875 0.04255348518490792 0.041415668278932574
0 0.876953125 0.3701171875 0.13193278461694719 0.09027466475963593
0 0.876953125 0.42578125 0.043427328765392306 0.03766760602593422
0 0.9189453125 0.396484375 0.04522919319570065 0.04169723764061928
0 0.9580078125 0.2109375 0.04906030595302582 0.04742607101798058
0 0.9541015625 0.24609375 0.04972965605556965 0.04678772501647473
0 0.896484375 0.27734375 0.04522919319570065 0.04431910440325738
0 0.958984375 0.322265625 0.059712620079517366 0.04839995875954629
