0 0.9150390625 0.2373046875 0.07169963493943216 0.06610062047839166
0 0.943359375 0.28125 0.0783016562461853 0.05851110257208348
0 0.9326171875 0.39453125 0.06884322538971901 0.06610062047839166
0 0.869140625 0.87109375 0.06261299103498459 0.07169963493943216
0 0.556640625 0.69921875 0.06261299103498459 0.06261299103498459
0 0.9375 0.46875 0.06610062047839166 0.05321592912077904
0 0.5107421875 0.2939453125 0.056946600228548055 0.056562056764960296
0 0.98046875 0.37109375 0.0390625 0.07936996594071388
0 0.431640625 0.5615234375 0.056946600228548055 0.05285657495260239
0 0.9794921875 0.193359375 0.041015625 0.07121546119451523
0 0.3505859375 0.27734375 0.06135311238467694 0.041980720683932306
0 0.97900390625 0.4853515625 0.0419921875 0.04678772501647473
0 0.98046875 0.435546875 0.0390625 0.05144326984882355
