0 0.337890625 0.259765625 0.06261299103498459 0.04742607101798058
0 0.333984375 0.5185546875 0.06261299103498459 0.063467251136899
0 0.427734375 0.6484375 0.07025691568851472 0.0683783482760191
0 0.5107421875 0.27734375 0.06521089375019073 0.06261299103498459
0 0.7822265625 0.81640625 0.06655001193284989 0.07317197322845459
0 0.9423828125 0.7568359375 0.056946600228548055 0.06135311238467694
0 0.98046875 0.9619140625 0.0390625 0.07121546119451523
0 0.9599609375 0.388671875 0.080078125 0.06610062047839166
0 0.96484375 0.26171875 0.0703125 0.06610062047839166
0 0.9375 0.2158203125 0.06884322538971901 0.06610062047839166
0 0.990234375 0.1708984375 0.012067239917814733 0.03976573050022125
