0 0.765646 0.414987 0.077202 0.065196
0 0.857422 0.389648 0.087861 0.071700
0 0.861413 0.356203 0.037478 0.024530
0 0.785645 0.337891 0.045229 0.041136
0 0.512695 0.395508 0.049730 0.033798
0 0.280273 0.707031 0.039497 0.037413
0 0.695562 0.363151 0.027829 0.028079
0 0.828572 0.372408 0.038441 0.038182
0 0.820879 0.315603 0.032218 0.028079
0 0.912911 0.253906 0.038441 0.037413
0 0.957989 0.187936 0.035680 0.037924
0 0.905273 0.326172 0.038441 0.034962
0 0.508789 0.789062 0.027581 0.048400
0 0.950439 0.233398 0.036167 0.036167
0 0.750075 0.364091 0.028874 0.027577
0 0.734100 0.338728 0.026211 0.020442
0 0.797852 0.644531 0.026126 0.045846
0 0.820312 0.286133 0.034492 0.033569
0 0.544922 0.597656 0.034962 0.032672
0 0.682617 0.667969 0.032672 0.034962
0 0.154297 0.345703 0.029715 0.036167
0 0.708008 0.469727 0.032672 0.032672
0 0.477539 0.789062 0.022055 0.045846
0 0.692785 0.615373 0.027581 0.032672
0 0.422852 0.391602 0.032451 0.024249
