0 0.088867 0.411133 0.046472 0.026843
0 0.344727 0.267578 0.058511 0.044020
0 0.381836 0.541992 0.056947 0.056562
0 0.493164 0.672852 0.063467 0.063467
0 0.826172 0.843750 0.066550 0.074675
0 0.977539 0.805664 0.036167 0.048400
0 0.988281 0.180664 0.023438 0.048400
0 0.958008 0.272461 0.083225 0.059309
0 0.926758 0.229492 0.078302 0.062190
0 0.987305 0.371094 0.022356 0.068378
0 0.949219 0.391602 0.072187 0.062190
0 0.959961 0.466797 0.080078 0.062190
0 0.977539 0.489258 0.044922 0.041697
0 0.507812 0.284180 0.060527 0.056562
