0 0.441406 0.857422 0.024085 0.079370
0 0.409180 0.907227 0.024085 0.058511
0 0.468750 0.940430 0.022356 0.045846
0 0.493936 0.684430 0.034055 0.051343
0 0.557885 0.741598 0.018872 0.043427
0 0.553955 0.887695 0.018872 0.038966
0 0.478704 0.825367 0.017756 0.037668
0 0.485824 0.776784 0.017756 0.034726
0 0.522461 0.836914 0.015505 0.032014
0 0.523438 0.798828 0.015505 0.030531
0 0.526903 0.704965 0.015505 0.027581
0 0.545898 0.676758 0.015505 0.027581
0 0.518649 0.691500 0.015505 0.027581
0 0.533392 0.754904 0.013725 0.027581
0 0.586914 0.635742 0.013725 0.024414
0 0.590001 0.670991 0.013725 0.022970
0 0.498614 0.746725 0.013725 0.022970
