0 0.449219 0.944336 0.024085 0.111328
0 0.479617 0.780357 0.025174 0.041227
0 0.566491 0.799465 0.027293 0.049724
0 0.472656 0.929688 0.016592 0.029117
0 0.496625 0.838941 0.017164 0.025255
0 0.523556 0.787661 0.015505 0.025427
0 0.541015 0.766383 0.013725 0.025427
0 0.524757 0.899512 0.013725 0.023923
0 0.506515 0.814119 0.013725 0.022970
0 0.510100 0.779223 0.013725 0.022970
0 0.538723 0.825377 0.013725 0.022970
0 0.528582 0.865069 0.013725 0.022970
0 0.548444 0.870638 0.013725 0.022970
0 0.582061 0.764042 0.013725 0.022970
0 0.550349 0.732803 0.012067 0.018368
0 0.596150 0.747946 0.012067 0.018368
0 0.588822 0.719538 0.031907 0.031017
