0 0.405273 0.942383 0.024085 0.060939
0 0.498341 0.638715 0.035987 0.053660
0 0.441406 0.788086 0.022356 0.051793
0 0.411133 0.836914 0.020610 0.045846
0 0.468750 0.816406 0.020610 0.045846
0 0.469727 0.876953 0.019130 0.042843
0 0.556641 0.862305 0.020610 0.038966
0 0.482790 0.770465 0.017876 0.041136
0 0.533381 0.714585 0.017164 0.034492
0 0.548828 0.786133 0.016592 0.034492
0 0.488474 0.727271 0.016592 0.034027
0 0.522461 0.762695 0.015505 0.034027
0 0.519531 0.808594 0.013725 0.034259
0 0.504604 0.700577 0.015505 0.027581
0 0.512898 0.676964 0.015505 0.027581
0 0.551551 0.627925 0.027202 0.035048
0 0.568923 0.598901 0.013725 0.022970
0 0.571890 0.642288 0.013725 0.022970
0 0.582892 0.636295 0.013725 0.022970
