0 0.44140625 0.8984375 0.024085471965372564 0.11366196870803834
0 0.556884765625 0.76171875 0.020609857328236104 0.06093881055712701
0 0.40625 0.9775390625 0.024085471965372564 0.044921875
0 0.4755859375 0.869140625 0.016592472046613696 0.033569397404789925
0 0.550537109375 0.905029296875 0.01582387275993824 0.0340274004265666
0 0.49609375 0.7890625 0.015505470149219037 0.027580842189490796
0 0.4638671875 0.82275390625 0.015505470149219037 0.027580842189490796
0 0.5234375 0.82958984375 0.01372517254203558 0.027580842189490796
0 0.529296875 0.783203125 0.01372517254203558 0.027580842189490796
0 0.5478515625 0.783203125 0.01372517254203558 0.027580842189490796
0 0.5234375 0.8681640625 0.013089392799884083 0.027580842189490796
0 0.48918819427490234 0.7492985725402832 0.01372517254203558 0.025427057035267354
0 0.47412109375 0.77001953125 0.01372517254203558 0.025427057035267354
0 0.5380859375 0.71875 0.01372517254203558 0.02296978123486042
0 0.48828125 0.7802734375 0.012067239917814733 0.02296978123486042
0 0.478515625 0.7607421875 0.012067239917814733 0.02296978123486042
0 0.5546875 0.69140625 0.010325893107801676 0.01836751215159893
