0 0.41015625 0.017578125 0.024085471965372564 0.03515625
0 0.41796875 0.1259765625 0.024580064415931704 0.07366944029927254
0 0.46484375 0.0966796875 0.050750849023461345 0.193359375
0 0.498046875 0.0869140625 0.04522919319570065 0.173828125
0 0.5576171875 0.0458984375 0.028725209459662438 0.05179301463067532
0 0.599609375 0.5048828125 0.050067750737071044 0.10621576383709909
0 0.4794921875 0.578125 0.04710581824183464 0.1232896313071251
0 0.5615234375 0.9833984375 0.034962237998843196 0.03179820515215397
0 0.611328125 0.716796875 0.16050653159618378 0.5583862066268921
0 0.8291015625 0.611328125 0.22830159962177277 0.45567598938941956
