0 0.522704 0.393539 0.076505 0.316228
0 0.487973 0.442275 0.072509 0.326811
0 0.811523 0.813477 0.060091 0.104032
0 0.682617 0.639648 0.049730 0.088458
0 0.451172 0.604492 0.036167 0.109134
0 0.415039 0.208984 0.024085 0.055050
0 0.441406 0.143555 0.024085 0.055050
0 0.526367 0.041992 0.024085 0.050408
0 0.414062 0.079590 0.020891 0.045846
0 0.473633 0.081055 0.020891 0.045846
0 0.475586 0.157227 0.020610 0.045846
0 0.526367 0.115234 0.020610 0.036660
0 0.441406 0.013672 0.022356 0.027344
0 0.472656 0.010742 0.017164 0.021484
