0 0.5361328125 0.72314453125 0.10473883152008057 0.4618930220603943
0 0.5810546875 0.34765625 0.06050001084804535 0.1499914675951004
0 0.453125 0.755859375 0.04169723764061928 0.10913384556770325
0 0.666015625 0.740234375 0.04972965605556965 0.08905958756804468
0 0.451171875 0.1591796875 0.029315078258514406 0.11366196870803834
0 0.669921875 0.62890625 0.04462041296064854 0.07317197322845459
0 0.455078125 0.380859375 0.030947969108819966 0.09027466475963593
0 0.41796875 0.30078125 0.02577397227287293 0.08845819160342218
0 0.4189453125 0.48828125 0.029715039767324928 0.07169963493943216
0 0.5791015625 0.4833984375 0.030947969108819966 0.05504967048764229
0 0.4814453125 0.27783203125 0.028147209994494916 0.05733375810086728
0 0.4833984375 0.375 0.024085471965372564 0.05179301463067532
0 0.478515625 0.0751953125 0.021757847070693972 0.041980720683932306
0 0.4765625 0.1953125 0.017876392602920534 0.03976573050022125
0 0.482421875 0.111328125 0.017876392602920534 0.03792369514703751
0 0.51953125 0.2138671875 0.016592472046613696 0.03472615033388138
0 0.548828125 0.1298828125 0.015505470149219037 0.0340274004265666
0 0.419921875 0.1640625 0.015505470149219037 0.03053140323609114
0 0.5107421875 0.0849609375 0.015505470149219037 0.027580842189490796
0 0.5029296875 0.0849609375 0.015505470149219037 0.027580842189490796
0 0.537109375 0.0849609375 0.01372517254203558 0.030325233750045304
0 0.51953125 0.0380859375 0.01372517254203558 0.027580842189490796
0 0.578125 0.07958984375 0.01372517254203558 0.025427057035267354
0 0.5830078125 0.04296875 0.01372517254203558 0.025427057035267354
0 0.5693359375 0.0439453125 0.01372517254203558 0.025427057035267354
0 0.553924560546875 0.013671875 0.01372517254203558 0.02296978123486042
0 0.544921875 0.013671875 0.01372517254203558 0.02296978123486042
0 0.51611328125 0.025390625 0.01372517254203558 0.02296978123486042
0 0.5380859375 0.013671875 0.01372517254203558 0.02296978123486042
0 0.58642578125 0.010986328125 0.01372517254203558 0.01925966273993254
0 0.5888671875 0.0048828125 0.01372517254203558 0.009765625
