0 0.483398 0.882812 0.024085 0.058511
0 0.412598 0.775391 0.022356 0.055050
0 0.414062 0.972656 0.022356 0.050408
0 0.449565 0.689925 0.028549 0.058876
0 0.422505 0.692288 0.020610 0.038966
0 0.472861 0.749402 0.013485 0.029937
0 0.473034 0.696069 0.014310 0.030873
0 0.484486 0.651588 0.017756 0.036660
0 0.493558 0.616433 0.017756 0.030531
0 0.549301 0.534259 0.018872 0.027581
0 0.490818 0.572500 0.015505 0.032014
0 0.565651 0.554184 0.018872 0.025427
0 0.516945 0.571899 0.018872 0.022970
0 0.473712 0.615171 0.015505 0.027581
