0 0.4921875 0.9296875 0.05004515498876572 0.13827860355377197
0 0.427734375 0.8837890625 0.039497204497456556 0.10407852977514268
0 0.421875 0.8017578125 0.036166988685727125 0.09027466475963593
0 0.5322265625 0.8857421875 0.032671800814568996 0.07724772989749909
0 0.49609375 0.7275390625 0.030947969108819966 0.07366944029927254
0 0.62890625 0.80078125 0.033797623403370385 0.05930939875543118
0 0.5380859375 0.400390625 0.022355604171752932 0.05040814429521561
0 0.44140625 0.5859375 0.024085471965372564 0.04584627561271191
0 0.5673828125 0.6201171875 0.02296978123486042 0.03766760602593422
0 0.4208984375 0.48046875 0.021757847070693972 0.03818152584135533
0 0.47265625 0.58203125 0.020609857328236104 0.04003608413040638
0 0.5361328125 0.630859375 0.021757847070693972 0.036166988685727125
0 0.5341796875 0.3115234375 0.021757847070693972 0.034962237998843196
0 0.5302734375 0.5517578125 0.020609857328236104 0.033797623403370385
0 0.4716796875 0.498046875 0.017876392602920534 0.033569397404789925
0 0.4755859375 0.41015625 0.018872125819325448 0.02991706021130085
0 0.5576171875 0.3212890625 0.018618110194802286 0.02991706021130085
0 0.52490234375 0.45263671875 0.016592472046613696 0.030325233750045304
0 0.599609375 0.287109375 0.018872125819325448 0.02281467262655497
0 0.5888671875 0.298828125 0.01716422438621521 0.02296978123486042
0 0.486328125 0.4228515625 0.015505470149219037 0.025427057035267354
0 0.50390625 0.38427734375 0.015505470149219037 0.024249220825731756
0 0.5029296875 0.353515625 0.015505470149219037 0.02296978123486042
0 0.5263671875 0.33984375 0.015505470149219037 0.02296978123486042
0 0.5693359375 0.3701171875 0.01478722281754017 0.02296978123486042
