0 0.545582 0.588974 0.093167 0.371080
0 0.605469 0.346680 0.079334 0.187574
0 0.509624 0.638595 0.093900 0.407409
0 0.488281 0.922852 0.050408 0.143108
0 0.716797 0.840332 0.050045 0.094617
0 0.711914 0.668945 0.051443 0.089060
0 0.605469 0.512695 0.039497 0.061353
0 0.447266 0.114258 0.029715 0.079370
0 0.416504 0.220703 0.027581 0.077248
0 0.449219 0.298340 0.029315 0.070257
0 0.416992 0.392578 0.027581 0.065654
0 0.479492 0.213867 0.020891 0.053216
0 0.482422 0.301758 0.020891 0.045846
0 0.478145 0.076484 0.020610 0.045846
0 0.462891 0.027100 0.020610 0.045846
0 0.475453 0.139186 0.018872 0.043427
0 0.544922 0.097656 0.015505 0.038182
0 0.521459 0.180391 0.015824 0.036167
0 0.537109 0.043945 0.016592 0.034027
0 0.576172 0.038086 0.013725 0.027581
0 0.543945 0.013672 0.013725 0.025427
0 0.510742 0.005859 0.013725 0.011719
