0 0.7607421875 0.935546875 0.05004515498876572 0.09084739536046982
0 0.42578125 0.7041015625 0.030947969108819966 0.08266313746571541
0 0.599609375 0.638671875 0.03449165262281895 0.06261299103498459
0 0.458984375 0.5576171875 0.027580842189490796 0.07121546119451523
0 0.41796875 0.48046875 0.027580842189490796 0.06978248655796052
0 0.619140625 0.5908203125 0.032671800814568996 0.05504967048764229
0 0.4150390625 0.4208984375 0.029315078258514406 0.06093881055712701
0 0.5263671875 0.2216796875 0.024085471965372564 0.07169963493943216
0 0.48828125 0.423828125 0.024085471965372564 0.05851110257208348
0 0.494140625 0.5322265625 0.024085471965372564 0.05285657495260239
0 0.548828125 0.47265625 0.024085471965372564 0.04584627561271191
0 0.465087890625 0.1884765625 0.020609857328236104 0.04584627561271191
0 0.4765625 0.1982421875 0.022054699249565605 0.041980720683932306
0 0.462890625 0.3212890625 0.020609857328236104 0.03896557800471783
0 0.41796875 0.306640625 0.018872125819325448 0.03818152584135533
0 0.55902099609375 0.110107421875 0.020609857328236104 0.032893925160169604
0 0.46484375 0.216796875 0.018872125819325448 0.033569397404789925
0 0.451171875 0.2177734375 0.018872125819325448 0.032014389708638194
0 0.48828125 0.2216796875 0.017876392602920534 0.03179820515215397
0 0.478515625 0.255859375 0.017755679041147235 0.029514381848275664
0 0.552734375 0.1005859375 0.018872125819325448 0.02702586837112904
0 0.520751953125 0.135498046875 0.018872125819325448 0.02702586837112904
0 0.49609375 0.1982421875 0.017755679041147235 0.02853123713284731
0 0.5107421875 0.1689453125 0.017876392602920534 0.027580842189490796
0 0.5791015625 0.1416015625 0.018872125819325448 0.025427057035267354
0 0.552734375 0.1396484375 0.01716422438621521 0.027580842189490796
0 0.5185546875 0.29296875 0.015505470149219037 0.030325233750045304
0 0.58935546875 0.11767578125 0.01716422438621521 0.024249220825731756
0 0.536865234375 0.13531494140625 0.01716422438621521 0.02296978123486042
0 0.55322265625 0.197265625 0.015505470149219037 0.025427057035267354
0 0.5927734375 0.1083984375 0.01372517254203558 0.022054699249565605
0 0.591796875 0.0830078125 0.01372517254203558 0.01836751215159893
