0 0.472656 0.883789 0.037161 0.071215
0 0.518232 0.881194 0.018872 0.038966
0 0.580264 0.804553 0.024085 0.029715
0 0.536346 0.848907 0.020610 0.033798
0 0.453867 0.973475 0.018872 0.036660
0 0.476191 0.978051 0.018872 0.032014
0 0.548340 0.983398 0.017164 0.030531
0 0.501953 0.907753 0.013725 0.031798
0 0.502511 0.855264 0.013725 0.027581
0 0.531645 0.929310 0.013725 0.027581
0 0.553293 0.929606 0.013725 0.027581
0 0.525298 0.958276 0.013725 0.027581
0 0.540690 0.899177 0.013725 0.027581
0 0.569337 0.855607 0.035211 0.049077
0 0.487537 0.937749 0.013725 0.027581
0 0.525902 0.844096 0.012067 0.027581
0 0.590356 0.838898 0.013725 0.022970
0 0.506092 0.871224 0.012067 0.022970
