0 0.625 0.677734375 0.04169723764061928 0.07169963493943216
0 0.4150390625 0.3759765625 0.027580842189490796 0.10407852977514268
0 0.640625 0.60546875 0.040582315251231196 0.06052730754017831
0 0.802734375 0.9775390625 0.04839995875954629 0.044921875
0 0.4228515625 0.5927734375 0.029715039767324928 0.07724772989749909
0 0.4501953125 0.23828125 0.027580842189490796 0.07467455342411995
0 0.560546875 0.4716796875 0.029315078258514406 0.05040814429521561
0 0.490234375 0.4521484375 0.024085471965372564 0.05285657495260239
0 0.48828125 0.353515625 0.024085471965372564 0.05285657495260239
0 0.4775390625 0.2578125 0.01912960819900036 0.03766760602593422
0 0.4833984375 0.1630859375 0.020609857328236104 0.033797623403370385
0 0.4755859375 0.1953125 0.017876392602920534 0.033797623403370385
0 0.5185546875 0.25390625 0.016592472046613696 0.03158348146826029
0 0.48828125 0.119140625 0.017876392602920534 0.02853123713284731
0 0.5126953125 0.109375 0.018872125819325448 0.02853123713284731
0 0.5166015625 0.0810546875 0.018872125819325448 0.025427057035267354
0 0.5361328125 0.0810546875 0.018872125819325448 0.025427057035267354
0 0.5578564405441284 0.04639077186584473 0.018872125819325448 0.025427057035267354
0 0.5615234375 0.0927734375 0.01716422438621521 0.025427057035267354
0 0.544921875 0.12890625 0.015505470149219037 0.02296978123486042
0 0.5576171875 0.1630859375 0.015505470149219037 0.02296978123486042
0 0.5888671875 0.072265625 0.015505470149219037 0.02296978123486042
0 0.5888671875 0.091796875 0.015505470149219037 0.02296978123486042
0 0.5908203125 0.046142578125 0.01716422438621521 0.01836751215159893
0 0.5927734375 0.1005859375 0.01372517254203558 0.01836751215159893
0 0.591796875 0.109375 0.01372517254203558 0.01836751215159893
