0 0.5615234375 0.400390625 0.039497204497456556 0.11918277218937874
0 0.71484375 0.876953125 0.05144326984882355 0.08905958756804468
0 0.44140625 0.8271484375 0.030947969108819966 0.09027466475963593
0 0.4677734375 0.6435546875 0.032671800814568996 0.08379094749689103
0 0.4189453125 0.576171875 0.029715039767324928 0.06303867250680924
0 0.576171875 0.619140625 0.030947969108819966 0.050067750737071044
0 0.5 0.6142578125 0.027580842189490796 0.05504967048764229
0 0.478515625 0.49560546875 0.024085471965372564 0.06093881055712701
0 0.599609375 0.587890625 0.029715039767324928 0.04584627561271191
0 0.537109375 0.4833984375 0.02296978123486042 0.040858217328786854
0 0.44140625 0.3828125 0.020609857328236104 0.04255348518490792
0 0.5585479736328125 0.1555023193359375 0.021757847070693972 0.036166988685727125
0 0.44140625 0.27880859375 0.020609857328236104 0.033797623403370385
0 0.4755859375 0.2763671875 0.020609857328236104 0.03179820515215397
0 0.478515625 0.30859375 0.018872125819325448 0.03053140323609114
0 0.482421875 0.2607421875 0.018872125819325448 0.02853123713284731
0 0.4921875 0.224609375 0.017876392602920534 0.027580842189490796
0 0.54296875 0.2236328125 0.018872125819325448 0.023922829516232015
0 0.53125 0.187744140625 0.018872125819325448 0.02296978123486042
0 0.56103515625 0.220703125 0.018872125819325448 0.02296978123486042
0 0.5029296875 0.2236328125 0.017755679041147235 0.023922829516232015
0 0.51953125 0.1865234375 0.01716422438621521 0.02296978123486042
0 0.5107421875 0.189453125 0.015505470149219037 0.02296978123486042
