0 0.47686755724557167 0.8302985384634467 0.038870593168562284 0.07215135484434144
0 0.47438553991519056 0.8711674898066099 0.022355604171752932 0.034258740767836575
0 0.5713017199668275 0.8376447320094331 0.029963799502964652 0.05412074820822966
0 0.4755859375 0.984375 0.020609857328236104 0.03125
0 0.5458497042035427 0.799818706424535 0.03260467418954543 0.048576316700642226
0 0.5617635170169619 0.8180485040306577 0.027851099753699985 0.05996753330780052
0 0.4922362332964573 0.8864078790306577 0.015505470149219037 0.027580842189490796
0 0.502575896957971 0.8585723430495239 0.015505470149219037 0.027580842189490796
0 0.5576171875 0.990234375 0.020609857328236104 0.01953125
0 0.52490234375 0.9287109375 0.01372517254203558 0.027580842189490796
0 0.5292318972713902 0.8958116740070748 0.01372517254203558 0.027580842189490796
0 0.5394614368731615 0.8611402005259411 0.01372517254203558 0.027580842189490796
0 0.5858713541475097 0.7983371273243959 0.01372517254203558 0.027580842189490796
0 0.5097782824668275 0.8064052462028344 0.01372517254203558 0.027580842189490796
0 0.5098676268436662 0.8225659817759411 0.01372517254203558 0.027580842189490796
0 0.5302734375 0.8046875 0.01372517254203558 0.027580842189490796
0 0.5830911596505469 0.7605656470298813 0.02072337440021357 0.03177318676319474
0 0.5918389119732694 0.7668102025598924 0.022657088071552246 0.028537369085241373
0 0.5460085615597422 0.7775316744740589 0.012067239917814733 0.01836751215159893
