0 0.5771484375 0.044921875 0.032671800814568996 0.05109588541090489
0 0.4970703125 0.0439453125 0.03896557800471783 0.087890625
0 0.4609375 0.05078125 0.03976573050022125 0.1015625
0 0.4140625 0.0283203125 0.022507590241730217 0.056640625
0 0.5751953125 0.5478515625 0.12323398888111115 0.4618930220603943
0 0.5390625 0.826171875 0.053191911429166794 0.1499914675951004
0 0.748046875 0.94140625 0.0683474913239479 0.11208148300647736
0 0.880859375 0.7236328125 0.23777414858341217 0.5253528952598572
0 0.4580078125 0.4091796875 0.04169723764061928 0.10913384556770325
0 0.580078125 0.3798828125 0.043722576647996905 0.09792133495211602
