0 0.413086 0.014648 0.020610 0.029297
0 0.412109 0.121094 0.024085 0.054678
0 0.441406 0.468750 0.032672 0.091506
0 0.422852 0.288086 0.029715 0.073669
0 0.473633 0.086914 0.020610 0.040036
0 0.472656 0.016602 0.020610 0.033203
0 0.525391 0.016602 0.023923 0.033203
0 0.527344 0.089844 0.020610 0.037668
0 0.554688 0.011719 0.017164 0.023438
0 0.517568 0.304102 0.071296 0.286304
0 0.475333 0.337099 0.056921 0.301409
0 0.669922 0.399414 0.144016 0.285506
0 0.746094 0.751953 0.053192 0.099213
0 0.668945 0.929688 0.066520 0.133672
0 0.874023 0.919922 0.063439 0.120754
