0 0.474609 0.720703 0.033118 0.136479
0 0.557617 0.418945 0.034492 0.113662
0 0.447266 0.956055 0.036413 0.087891
0 0.679688 0.838867 0.044020 0.075182
0 0.421264 0.665691 0.030948 0.081551
0 0.414062 0.600586 0.029715 0.069311
0 0.487305 0.565918 0.028147 0.066101
0 0.505859 0.701172 0.027581 0.058511
0 0.534180 0.311523 0.024085 0.063039
0 0.441406 0.441406 0.022356 0.060119
0 0.552734 0.610352 0.025774 0.048400
0 0.585938 0.589844 0.025774 0.045537
0 0.460938 0.309570 0.020610 0.038182
0 0.530273 0.500977 0.020610 0.037161
0 0.411133 0.449219 0.017876 0.038182
0 0.570534 0.213002 0.036549 0.041971
0 0.439030 0.347397 0.018872 0.031798
0 0.531960 0.210238 0.018872 0.027581
0 0.482863 0.337981 0.017164 0.027581
0 0.518856 0.265480 0.018872 0.022970
0 0.478369 0.374603 0.015505 0.027581
0 0.496094 0.309570 0.015505 0.027581
0 0.525391 0.373047 0.015505 0.027581
0 0.507977 0.284414 0.015505 0.025427
0 0.546837 0.276007 0.015505 0.022970
0 0.561523 0.256836 0.015505 0.022970
0 0.575335 0.242024 0.013725 0.022970
0 0.602051 0.183105 0.017164 0.018368
0 0.533333 0.247924 0.015505 0.018368
0 0.562393 0.289979 0.015505 0.018368
