0 0.414062 0.148438 0.024085 0.063039
0 0.414062 0.295898 0.024085 0.060939
0 0.434570 0.502930 0.032232 0.088458
0 0.472656 0.755859 0.041697 0.119183
0 0.520508 0.643555 0.050751 0.159495
0 0.544922 0.576172 0.050045 0.144995
0 0.637695 0.561523 0.045229 0.071215
0 0.754883 0.730469 0.050045 0.091465
0 0.789062 0.956055 0.063467 0.087891
0 0.522461 0.144531 0.017876 0.034726
0 0.478516 0.148438 0.019789 0.045846
0 0.475586 0.229492 0.020610 0.045846
0 0.443359 0.231445 0.024085 0.063039
0 0.444336 0.056641 0.024085 0.053578
0 0.475586 0.075195 0.016592 0.031583
0 0.522461 0.075195 0.019923 0.037924
0 0.545898 0.066406 0.017876 0.036167
0 0.570312 0.005859 0.010901 0.011719
0 0.522461 0.005859 0.013725 0.011719
