0 0.5126953125 0.9052734375 0.034962237998843196 0.08155050575733186
0 0.59375 0.798828125 0.027580842189490796 0.045536689460277564
0 0.41015625 0.78125 0.022204642556607725 0.05285657495260239
0 0.474609375 0.7255859375 0.019788785465061666 0.04906030595302582
0 0.525390625 0.6796875 0.01836751215159893 0.032671800814568996
0 0.5576171875 0.666015625 0.017755679041147235 0.032671800814568996
0 0.5283203125 0.6142578125 0.016592472046613696 0.030325233750045304
0 0.5244140625 0.5380859375 0.01478722281754017 0.030325233750045304
0 0.4873046875 0.537109375 0.01478722281754017 0.027580842189490796
0 0.4755859375 0.5009765625 0.01372517254203558 0.025427057035267354
0 0.49609375 0.498046875 0.01372517254203558 0.02296978123486042
0 0.52099609375 0.447265625 0.01372517254203558 0.02296978123486042
0 0.49794598668813705 0.4636629596352577 0.01372517254203558 0.020609857328236104
