0 0.4794921875 0.822265625 0.04710581824183464 0.15210646390914917
0 0.5537109375 0.453125 0.030947969108819966 0.10198422446846962
0 0.4248046875 0.771484375 0.030947969108819966 0.08609294667840005
0 0.6513671875 0.8125 0.03716060742735863 0.06655001193284989
0 0.419921875 0.6953125 0.030947969108819966 0.07936996594071388
0 0.513671875 0.7919921875 0.029715039767324928 0.0683783482760191
0 0.48828125 0.646484375 0.027580842189490796 0.0683783482760191
0 0.46435546875 0.36279296875 0.024085471965372564 0.05179301463067532
0 0.4609375 0.384765625 0.022355604171752932 0.04584627561271191
0 0.44140625 0.513671875 0.020609857328236104 0.04584627561271191
0 0.54443359375 0.6171875 0.02296978123486042 0.04003608413040638
0 0.5341796875 0.2626953125 0.024085471965372564 0.036166988685727125
0 0.474609375 0.5146484375 0.020609857328236104 0.03870245292782784
0 0.576171875 0.603515625 0.020609857328236104 0.03818152584135533
0 0.4111328125 0.5302734375 0.017876392602920534 0.03472615033388138
0 0.484375 0.369140625 0.017755679041147235 0.03472615033388138
0 0.521484375 0.5234375 0.017755679041147235 0.03179820515215397
0 0.5576171875 0.2646484375 0.018872125819325448 0.02991706021130085
0 0.49609375 0.3681640625 0.017755679041147235 0.030325233750045304
0 0.50439453125 0.33203125 0.015505470149219037 0.030325233750045304
0 0.5302734375 0.28125 0.01716422438621521 0.025427057035267354
0 0.599609375 0.236328125 0.018872125819325448 0.02296978123486042
0 0.5263671875 0.4130859375 0.015505470149219037 0.027580842189490796
0 0.5576171875 0.298828125 0.015505470149219037 0.025427057035267354
0 0.5888671875 0.2392578125 0.01372517254203558 0.02296978123486042
