0 0.4423828125 0.90234375 0.04522919319570065 0.1953125
0 0.4091796875 0.8564453125 0.024085471965372564 0.06093881055712701
0 0.48828125 0.9677734375 0.024085471965372564 0.05851110257208348
0 0.501953125 0.5888671875 0.024085471965372564 0.033797623403370385
0 0.4775390625 0.8134765625 0.020609857328236104 0.03896557800471783
0 0.5615234375 0.841796875 0.020609857328236104 0.03896557800471783
0 0.4755859375 0.7490234375 0.020609857328236104 0.03870245292782784
0 0.5546875 0.6708984375 0.018872125819325448 0.032014389708638194
0 0.5185546875 0.7763671875 0.01716422438621521 0.032014389708638194
0 0.5458984375 0.7568359375 0.01716422438621521 0.032014389708638194
0 0.4775390625 0.7080078125 0.01716422438621521 0.03179820515215397
0 0.5458984375 0.6376953125 0.01716422438621521 0.027580842189490796
0 0.5458984375 0.5810546875 0.01716422438621521 0.027580842189490796
0 0.5185546875 0.7236328125 0.015505470149219037 0.03053140323609114
0 0.4853515625 0.671875 0.015505470149219037 0.027580842189490796
0 0.498046875 0.6435546875 0.015505470149219037 0.027580842189490796
0 0.498046875 0.6181640625 0.015505470149219037 0.027580842189490796
0 0.5107421875 0.6142578125 0.015505470149219037 0.027580842189490796
0 0.516845703125 0.62109375 0.015505470149219037 0.02525535635650158
0 0.590576171875 0.5853271484375 0.01372517254203558 0.02296978123486042
0 0.5615234375 0.5517578125 0.01372517254203558 0.01836751215159893
0 0.578125 0.5517578125 0.01372517254203558 0.01836751215159893
0 0.5908203125 0.54541015625 0.01372517254203558 0.01836751215159893
0 0.5693359375 0.5517578125 0.012067239917814733 0.01836751215159893
