0 0.411133 0.877930 0.024085 0.055050
0 0.517578 0.980469 0.032451 0.039062
0 0.456306 0.609766 0.031646 0.099678
0 0.479980 0.797363 0.022356 0.052857
0 0.414062 0.696289 0.022205 0.050408
0 0.581055 0.805664 0.022356 0.045846
0 0.429688 0.623047 0.020610 0.038182
0 0.476374 0.635312 0.018872 0.038966
0 0.472562 0.681928 0.017876 0.037668
0 0.549805 0.692383 0.017756 0.033569
0 0.523438 0.708008 0.016592 0.034726
0 0.520508 0.650391 0.016592 0.034027
0 0.529455 0.581615 0.016592 0.034027
0 0.496094 0.555664 0.017756 0.030531
0 0.489006 0.596701 0.015505 0.030531
0 0.564280 0.471981 0.036829 0.045029
0 0.495605 0.519531 0.015505 0.027026
0 0.505765 0.487492 0.015505 0.025427
0 0.534211 0.502167 0.015505 0.022970
0 0.530967 0.487333 0.015505 0.022970
0 0.507868 0.539779 0.015505 0.022970
0 0.522241 0.518854 0.013725 0.025427
0 0.577228 0.493889 0.018872 0.018368
0 0.562028 0.505858 0.013725 0.022970
0 0.587828 0.506763 0.013725 0.022970
0 0.590332 0.475586 0.013725 0.022970
