0 0.439453 0.630859 0.026662 0.101296
0 0.498535 0.812500 0.030948 0.077773
0 0.608398 0.794922 0.029315 0.052857
0 0.532227 0.979492 0.032894 0.041016
0 0.538086 0.451172 0.022356 0.050408
0 0.409180 0.694336 0.019789 0.045846
0 0.472656 0.654297 0.019789 0.043427
0 0.417969 0.547852 0.020610 0.038182
0 0.449219 0.514648 0.020610 0.038182
0 0.533203 0.650391 0.020610 0.035923
0 0.561523 0.638672 0.019130 0.037668
0 0.440351 0.484329 0.018872 0.034492
0 0.472656 0.556641 0.018368 0.033798
0 0.522927 0.585326 0.017756 0.032672
0 0.599609 0.340332 0.021758 0.025427
0 0.525944 0.497702 0.017164 0.030531
0 0.555510 0.373734 0.017164 0.025427
0 0.480537 0.509487 0.015505 0.027581
0 0.482978 0.442663 0.015505 0.027581
0 0.584527 0.381053 0.017164 0.022970
0 0.512234 0.428966 0.017164 0.022970
0 0.536139 0.400079 0.015505 0.022970
0 0.568664 0.397143 0.015505 0.022970
0 0.556321 0.414173 0.014787 0.022970
