0 0.5732421875 0.93359375 0.02146499026566744 0.043722576647996905
0 0.5302734375 0.9365234375 0.01716422438621521 0.029117122851312162
0 0.5 0.95947265625 0.01372517254203558 0.02296978123486042
0 0.5341796875 0.9130859375 0.01372517254203558 0.02296978123486042
0 0.599609375 0.921875 0.01372517254203558 0.02296978123486042
0 0.5888671875 0.9248046875 0.01372517254203558 0.02296978123486042
0 0.5576171875 0.8929443359375 0.01372517254203558 0.01836751215159893
0 0.5673828125 0.908203125 0.01372517254203558 0.01836751215159893
0 0.5869140625 0.88427734375 0.01372517254203558 0.01836751215159893
0 0.59765625 0.88671875 0.012067239917814733 0.01836751215159893
0 0.5576171875 0.91162109375 0.012067239917814733 0.01836751215159893
0 0.5545468330383301 0.9189453125 0.012067239917814733 0.01836751215159893
0 0.6044921875 0.884765625 0.010325893107801676 0.01836751215159893
