0 0.4736328125 0.8662109375 0.008817889448255302 0.023393862508237363
0 0.4384765625 0.88330078125 0.007393611408770085 0.021713664382696153
0 0.4638671875 0.8681640625 0.006589191546663643 0.019090762920677663
0 0.4736328125 0.748046875 0.00686258627101779 0.016784698702394962
0 0.3955078125 0.6865234375 0.00686258627101779 0.013790421094745398
0 0.47265625 0.64208984375 0.006033619958907366 0.015162616875022652
0 0.4921875 0.5546875 0.006033619958907366 0.013790421094745398
0 0.419921875 0.6376953125 0.006033619958907366 0.013790421094745398
0 0.2138671875 0.6005859375 0.006589191546663643 0.011961414758116008
0 0.48291015625 0.27099609375 0.00686258627101779 0.01148489061743021
0 0.5068359375 0.38525390625 0.00686258627101779 0.01148489061743021
0 0.26123046875 0.52294921875 0.00686258627101779 0.01148489061743021
0 0.1904296875 0.42578125 0.008582112193107606 0.009183756075799465
0 0.18896484375 0.45458984375 0.008582112193107606 0.009183756075799465
0 0.3037109375 0.41943359375 0.008582112193107606 0.009183756075799465
0 0.40234375 0.44140625 0.008582112193107606 0.009183756075799465
0 0.40576171875 0.44677734375 0.008582112193107606 0.009183756075799465
0 0.7724609375 0.44384765625 0.008582112193107606 0.009183756075799465
0 0.8037109375 0.41845703125 0.008582112193107606 0.009183756075799465
0 0.96337890625 0.5986328125 0.00686258627101779 0.011253795120865108
0 0.26220703125 0.42822265625 0.007752735074609518 0.009183756075799465
0 0.8251953125 0.4375 0.008582112193107606 0.008019882673397661
0 0.3125 0.451171875 0.008582112193107606 0.00686258627101779
0 0.4423828125 0.4189453125 0.006033619958907366 0.009183756075799465
0 0.44287109375 0.3271484375 0.003438275051303208 0.008019882673397661
0 0.4541015625 0.09912109375 0.003438275051303208 0.00686258627101779
0 0.47900390625 0.048828125 0.003438275051303208 0.005638346867635847
0 0.47412109375 0.02783203125 0.003438275051303208 0.005638346867635847
