0 0.54345703125 0.62255859375 0.010304928664118052 0.016335900407284498
0 0.56494140625 0.6640625 0.009436062909662724 0.016335900407284498
0 0.5029296875 0.712890625 0.005162946553900838 0.024199979379773143
0 0.0478515625 0.45849609375 0.012042735982686282 0.010304928664118052
0 0.23046875 0.56494140625 0.007752735074609518 0.013790421094745398
0 0.21484375 0.6865234375 0.007752735074609518 0.013790421094745398
0 0.66650390625 0.44189453125 0.010304928664118052 0.010304928664118052
0 0.80517578125 0.443359375 0.010304928664118052 0.010304928664118052
0 0.96728515625 0.6015625 0.00686258627101779 0.013790421094745398
0 0.2119140625 0.61962890625 0.00686258627101779 0.01262767817825079
0 0.05615234375 0.45947265625 0.009436062909662724 0.009183756075799465
0 0.6318359375 0.41259765625 0.009436062909662724 0.009183756075799465
0 0.95458984375 0.42138671875 0.009436062909662724 0.009183756075799465
0 0.494140625 0.67333984375 0.006033619958907366 0.013790421094745398
0 0.95703125 0.38134765625 0.007752735074609518 0.010304928664118052
0 0.27587890625 0.51513671875 0.00686258627101779 0.01148489061743021
0 0.24609375 0.5419921875 0.00686258627101779 0.01148489061743021
0 0.732421875 0.44384765625 0.008582112193107606 0.009183756075799465
0 0.73095703125 0.41357421875 0.008582112193107606 0.009183756075799465
0 0.76171875 0.419921875 0.008582112193107606 0.009183756075799465
0 0.93115234375 0.4248046875 0.008582112193107606 0.009183756075799465
0 0.31982421875 0.74951171875 0.008582112193107606 0.009183756075799465
0 0.35986328125 0.42333984375 0.007752735074609518 0.008019882673397661
0 0.37255859375 0.44580078125 0.008582112193107606 0.00686258627101779
0 0.84619140625 0.4169921875 0.006033619958907366 0.009183756075799465
0 0.1494140625 0.4248046875 0.007752735074609518 0.00686258627101779
0 0.21484375 0.4208984375 0.007752735074609518 0.00686258627101779
0 0.34423828125 0.439453125 0.007752735074609518 0.00686258627101779
0 0.234375 0.4287109375 0.007752735074609518 0.00686258627101779
0 0.44580078125 0.373046875 0.005162946553900838 0.010304928664118052
0 0.46728515625 0.3525390625 0.005162946553900838 0.010304928664118052
0 0.4892578125 0.00634765625 0.005162946553900838 0.010304928664118052
0 0.48876953125 0.404296875 0.005162946553900838 0.010304928664118052
0 0.4912109375 0.4033203125 0.005162946553900838 0.010304928664118052
0 0.4453125 0.48828125 0.005162946553900838 0.010304928664118052
0 0.5029296875 0.27099609375 0.005162946553900838 0.010304928664118052
0 0.2119140625 0.6533203125 0.005162946553900838 0.009183756075799465
0 0.34619140625 0.4169921875 0.00686258627101779 0.00686258627101779
0 0.4443359375 0.408203125 0.004299787525087595 0.010304928664118052
0 0.4697265625 0.1611328125 0.004299787525087595 0.010304928664118052
0 0.46923828125 0.2431640625 0.005162946553900838 0.008019882673397661
0 0.4697265625 0.20947265625 0.004299787525087595 0.008019882673397661
0 0.48876953125 0.234375 0.003438275051303208 0.008019882673397661
0 0.47021484375 0.125 0.003438275051303208 0.00686258627101779
