0 0.5537109375 0.6474609375 0.010304928664118052 0.019090762920677663
0 0.07080078125 0.45849609375 0.015473984554409983 0.01262767817825079
0 0.53564453125 0.60693359375 0.008938196301460267 0.01736307516694069
0 0.0771484375 0.4580078125 0.012042735982686282 0.01148489061743021
0 0.69580078125 0.44287109375 0.010304928664118052 0.011027349624782802
0 0.83154296875 0.44384765625 0.010029390268027783 0.011027349624782802
0 0.2138671875 0.6748046875 0.007752735074609518 0.013790421094745398
0 0.212890625 0.607421875 0.007752735074609518 0.013790421094745398
0 0.28271484375 0.5087890625 0.007752735074609518 0.01148489061743021
0 0.96728515625 0.6005859375 0.00686258627101779 0.012886986136436464
0 0.73046875 0.41943359375 0.009436062909662724 0.009183756075799465
0 0.900390625 0.423828125 0.009436062909662724 0.009183756075799465
0 0.92822265625 0.42041015625 0.009436062909662724 0.009183756075799465
0 0.23583984375 0.55615234375 0.00686258627101779 0.012124610412865878
0 0.12060546875 0.4267578125 0.008582112193107606 0.009183756075799465
0 0.18603515625 0.421875 0.008582112193107606 0.009183756075799465
0 0.32958984375 0.4228515625 0.008582112193107606 0.009183756075799465
0 0.705078125 0.41259765625 0.008582112193107606 0.009183756075799465
0 0.76025390625 0.4423828125 0.008582112193107606 0.009183756075799465
0 0.9384765625 0.37646484375 0.008582112193107606 0.009183756075799465
0 0.60400390625 0.4130859375 0.008582112193107606 0.009183756075799465
0 0.2529296875 0.5361328125 0.00686258627101779 0.010878923535346986
0 0.37353515625 0.4384765625 0.007752735074609518 0.009183756075799465
0 0.44580078125 0.50830078125 0.006033619958907366 0.01148489061743021
0 0.39892578125 0.44482421875 0.008582112193107606 0.008019882673397661
0 0.51611328125 0.45556640625 0.006033619958907366 0.010878923535346986
0 0.30810546875 0.74658203125 0.00686258627101779 0.009183756075799465
0 0.4443359375 0.42578125 0.006033619958907366 0.010304928664118052
0 0.4443359375 0.38916015625 0.005162946553900838 0.01148489061743021
0 0.2021484375 0.4296875 0.008582112193107606 0.00686258627101779
0 0.46875 0.26806640625 0.006033619958907366 0.009183756075799465
0 0.46728515625 0.384765625 0.005162946553900838 0.010304928664118052
0 0.21240234375 0.64306640625 0.005162946553900838 0.009183756075799465
0 0.31689453125 0.41748046875 0.006033619958907366 0.00686258627101779
0 0.4697265625 0.22998046875 0.005162946553900838 0.008019882673397661
0 0.470703125 0.185546875 0.005162946553900838 0.008019882673397661
0 0.48876953125 0.212890625 0.003438275051303208 0.008019882673397661
0 0.4873046875 0.0908203125 0.003438275051303208 0.008019882673397661
0 0.48388671875 0.09130859375 0.003438275051303208 0.008019882673397661
0 0.46728515625 0.14453125 0.003438275051303208 0.00686258627101779
