0 0.50537109375 0.8984375 0.010304928664118052 0.030469405278563504
0 0.61083984375 0.70751953125 0.012042735982686282 0.016898811701685192
0 0.57568359375 0.68359375 0.010304928664118052 0.014558561425656081
0 0.37109375 0.72412109375 0.010304928664118052 0.013421684969216587
0 0.48291015625 0.0361328125 0.00686258627101779 0.017245826311409473
0 0.548828125 0.44140625 0.010029390268027783 0.011407336313277484
0 0.69677734375 0.44189453125 0.010304928664118052 0.011027349624782802
0 0.21142578125 0.66455078125 0.007752735074609518 0.013790421094745398
0 0.23583984375 0.72412109375 0.008582112193107606 0.011961414758116008
0 0.21484375 0.60693359375 0.007393611408770085 0.013790421094745398
0 0.54345703125 0.62109375 0.007752735074609518 0.011961414758116008
0 0.625 0.4404296875 0.009436062909662724 0.009695301204919815
0 0.54541015625 0.39599609375 0.009436062909662724 0.009183756075799465
0 0.2490234375 0.54052734375 0.00686258627101779 0.012124610412865878
0 0.87744140625 0.4228515625 0.008582112193107606 0.00962983136996627
0 0.26708984375 0.51904296875 0.00686258627101779 0.01148489061743021
0 0.21875 0.443359375 0.008582112193107606 0.009183756075799465
0 0.8388671875 0.416015625 0.008582112193107606 0.009183756075799465
0 0.7421875 0.41455078125 0.008582112193107606 0.009183756075799465
0 0.51025390625 0.33740234375 0.008582112193107606 0.009183756075799465
0 0.96875 0.6025390625 0.006033619958907366 0.01262767817825079
0 0.27734375 0.5126953125 0.00686258627101779 0.010878923535346986
0 0.22607421875 0.580078125 0.006544696399942041 0.010878923535346986
0 0.49658203125 0.556640625 0.005093454197049142 0.013790421094745398
0 0.27099609375 0.44775390625 0.008582112193107606 0.008019882673397661
0 0.42431640625 0.6640625 0.00686258627101779 0.009183756075799465
0 0.3603515625 0.423828125 0.007752735074609518 0.008019882673397661
0 0.33056640625 0.416015625 0.007752735074609518 0.008019882673397661
0 0.265625 0.4189453125 0.008582112193107606 0.00686258627101779
0 0.22021484375 0.69384765625 0.006033619958907366 0.009183756075799465
0 0.44580078125 0.4306640625 0.005162946553900838 0.008019882673397661
0 0.44873046875 0.30859375 0.005162946553900838 0.008019882673397661
0 0.46875 0.234375 0.005162946553900838 0.008019882673397661
0 0.4482421875 0.3427734375 0.004299787525087595 0.008019882673397661
0 0.46875 0.15625 0.004299787525087595 0.00686258627101779
0 0.47021484375 0.08154296875 0.003438275051303208 0.008019882673397661
0 0.470703125 0.1181640625 0.003438275051303208 0.00686258627101779
0 0.470703125 0.06591796875 0.002586725912988186 0.00686258627101779
