0 0.548828125 0.6337890625 0.009436062909662724 0.014558561425656081
0 0.0986328125 0.45703125 0.012042735982686282 0.010304928664118052
0 0.53173828125 0.5888671875 0.007752735074609518 0.015162616875022652
0 0.8583984375 0.4443359375 0.010304928664118052 0.011027349624782802
0 0.4951171875 0.63916015625 0.006033619958907366 0.017245826311409473
0 0.29248046875 0.75048828125 0.008582112193107606 0.01148489061743021
0 0.2119140625 0.6630859375 0.00686258627101779 0.013790421094745398
0 0.7236328125 0.4423828125 0.010304928664118052 0.009183756075799465
0 0.96728515625 0.60205078125 0.00686258627101779 0.012713528517633677
0 0.70068359375 0.4189453125 0.009436062909662724 0.009183756075799465
0 0.86962890625 0.4228515625 0.009436062909662724 0.009183756075799465
0 0.900390625 0.42041015625 0.009436062909662724 0.009183756075799465
0 0.23974609375 0.54736328125 0.00686258627101779 0.01148489061743021
0 0.25927734375 0.52685546875 0.00686258627101779 0.01148489061743021
0 0.57763671875 0.41357421875 0.008582112193107606 0.009183756075799465
0 0.67919921875 0.4130859375 0.008582112193107606 0.009183756075799465
0 0.7880859375 0.44384765625 0.008582112193107606 0.009183756075799465
0 0.9189453125 0.37109375 0.008582112193107606 0.009183756075799465
0 0.1689453125 0.4326171875 0.007752735074609518 0.009183756075799465
0 0.21435546875 0.5966796875 0.006033619958907366 0.01148489061743021
0 0.44677734375 0.52734375 0.006033619958907366 0.01148489061743021
0 0.49072265625 0.54638671875 0.006033619958907366 0.01148489061743021
0 0.296875 0.4248046875 0.008582112193107606 0.008019882673397661
0 0.4248046875 0.44482421875 0.008582112193107606 0.008019882673397661
0 0.15625 0.423828125 0.007752735074609518 0.008019882673397661
0 0.40625 0.43701171875 0.007752735074609518 0.008019882673397661
0 0.515625 0.4365234375 0.006033619958907366 0.010304928664118052
0 0.091796875 0.42822265625 0.007752735074609518 0.00686258627101779
0 0.291015625 0.41943359375 0.007752735074609518 0.00686258627101779
0 0.212890625 0.6337890625 0.005162946553900838 0.010304928664118052
0 0.4423828125 0.44140625 0.006033619958907366 0.008019882673397661
0 0.46728515625 0.41943359375 0.005162946553900838 0.008019882673397661
0 0.47119140625 0.29443359375 0.005162946553900838 0.008019882673397661
0 0.47021484375 0.21044921875 0.005162946553900838 0.008019882673397661
0 0.47119140625 0.25732421875 0.003438275051303208 0.008019882673397661
0 0.48779296875 0.1923828125 0.003438275051303208 0.00686258627101779
0 0.47119140625 0.16650390625 0.003438275051303208 0.00686258627101779
