0 0.97509765625 0.44775390625 0.010304928664118052 0.011562972515821458
0 0.47119140625 0.57958984375 0.00686258627101779 0.016898811701685192
0 0.29443359375 0.44921875 0.012042735982686282 0.009183756075799465
0 0.4697265625 0.869140625 0.006033619958907366 0.018083494342863562
0 0.21142578125 0.6728515625 0.00686258627101779 0.013790421094745398
0 0.2265625 0.56494140625 0.00686258627101779 0.013790421094745398
0 0.25732421875 0.44482421875 0.010304928664118052 0.009183756075799465
0 0.9404296875 0.4228515625 0.010304928664118052 0.009183756075799465
0 0.26708984375 0.51904296875 0.007752735074609518 0.01148489061743021
0 0.4677734375 0.603515625 0.00686258627101779 0.012713528517633677
0 0.30029296875 0.44921875 0.009436062909662724 0.009183756075799465
0 0.32958984375 0.41845703125 0.009436062909662724 0.009183756075799465
0 0.19921875 0.45361328125 0.009436062909662724 0.009183756075799465
0 0.4345703125 0.54931640625 0.006033619958907366 0.013790421094745398
0 0.42822265625 0.6005859375 0.006033619958907366 0.013790421094745398
0 0.5029296875 0.78857421875 0.005162946553900838 0.015791740734130144
0 0.48583984375 0.37646484375 0.00686258627101779 0.01148489061743021
0 0.0498046875 0.46337890625 0.008582112193107606 0.009183756075799465
0 0.07666015625 0.341796875 0.008582112193107606 0.009183756075799465
0 0.58154296875 0.4189453125 0.008582112193107606 0.009183756075799465
0 0.6484375 0.44189453125 0.008582112193107606 0.009183756075799465
0 0.67431640625 0.435546875 0.008582112193107606 0.009183756075799465
0 0.0263671875 0.43408203125 0.007752735074609518 0.009183756075799465
0 0.15673828125 0.3681640625 0.007752735074609518 0.009183756075799465
0 0.51416015625 0.474609375 0.00686258627101779 0.010304928664118052
0 0.5126953125 0.4267578125 0.006033619958907366 0.010304928664118052
0 0.44384765625 0.3095703125 0.006033619958907366 0.009183756075799465
0 0.244140625 0.54345703125 0.006033619958907366 0.009183756075799465
0 0.4697265625 0.4228515625 0.005162946553900838 0.009183756075799465
0 0.47265625 0.4951171875 0.005162946553900838 0.008019882673397661
0 0.11474609375 0.48681640625 0.005162946553900838 0.008019882673397661
0 0.47119140625 0.5029296875 0.0054505299776792535 0.006074640667065979
0 0.48095703125 0.15966796875 0.003438275051303208 0.008019882673397661
0 0.4443359375 0.23095703125 0.003438275051303208 0.008019882673397661
0 0.47998046875 0.0458984375 0.003438275051303208 0.00686258627101779
0 0.482666015625 0.1328125 0.003438275051303208 0.00686258627101779
0 0.4970703125 0.0595703125 0.003438275051303208 0.00686258627101779
0 0.48193359375 0.04248046875 0.003438275051303208 0.00686258627101779
0 0.00146484375 0.44189453125 0.002586725912988186 0.008019882673397661
