0 0.528320 0.563965 0.010305 0.014266
0 0.244629 0.732910 0.009436 0.014266
0 0.837891 0.444824 0.010305 0.010375
0 0.967773 0.447754 0.010305 0.010375
0 0.495838 0.507605 0.006863 0.015266
0 0.211426 0.619141 0.007394 0.013790
0 0.083496 0.459473 0.010305 0.009695
0 0.181871 0.455035 0.010029 0.009695
0 0.190918 0.453125 0.010029 0.009695
0 0.269531 0.517090 0.008582 0.011254
0 0.441406 0.511719 0.006863 0.013790
0 0.108887 0.451172 0.010305 0.009184
0 0.037598 0.431641 0.009436 0.009695
0 0.447725 0.609123 0.010000 0.015163
0 0.168159 0.430405 0.010029 0.008999
0 0.894531 0.446289 0.009436 0.009184
0 0.465332 0.585449 0.006034 0.013790
0 0.234863 0.557129 0.007394 0.011027
0 0.578613 0.419434 0.008582 0.009184
0 0.570801 0.413086 0.008582 0.009184
0 0.791016 0.420410 0.008582 0.009184
0 0.844238 0.345215 0.008582 0.009184
0 0.289062 0.505859 0.006034 0.011027
0 0.465820 0.412109 0.006545 0.009630
0 0.472632 0.381118 0.006034 0.010305
0 0.443359 0.468750 0.006034 0.009565
0 0.471191 0.319824 0.005163 0.010879
0 0.527309 0.437486 0.006034 0.009184
0 0.524902 0.391602 0.006034 0.009184
0 0.416992 0.237305 0.006034 0.008020
0 0.217285 0.592773 0.005163 0.008467
0 0.486816 0.236816 0.005163 0.008020
0 0.469727 0.265137 0.005163 0.008020
0 0.512695 0.441895 0.005163 0.008020
