0 0.504395 0.938477 0.006863 0.041613
0 0.581543 0.441406 0.012043 0.009894
0 0.336914 0.746582 0.010305 0.011485
0 0.962891 0.598633 0.007753 0.013790
0 0.438965 0.687012 0.006034 0.017246
0 0.629395 0.435547 0.010305 0.009695
0 0.964844 0.423340 0.010029 0.009695
0 0.581543 0.417969 0.010305 0.009184
0 0.970703 0.446777 0.009565 0.009695
0 0.846680 0.344238 0.009436 0.009184
0 0.280762 0.514648 0.006863 0.011485
0 0.024902 0.464844 0.008582 0.009184
0 0.173828 0.457520 0.008582 0.009184
0 0.949707 0.415039 0.008582 0.009184
0 0.155273 0.433594 0.007753 0.009184
0 0.084473 0.432617 0.007753 0.009184
0 0.969727 0.392090 0.008582 0.008020
0 0.992707 0.387695 0.008582 0.008020
0 0.269043 0.422852 0.006863 0.009184
0 0.496582 0.215820 0.005163 0.010305
0 0.401988 0.447546 0.006034 0.008020
0 0.480957 0.136550 0.005163 0.011286
0 0.483840 0.302750 0.005163 0.008020
0 0.460134 0.229744 0.003438 0.008020
0 0.459914 0.099893 0.003438 0.008020
0 0.495164 0.159700 0.003438 0.006863
