0 0.505371 0.908203 0.006863 0.019883
0 0.441406 0.682129 0.006863 0.017246
0 0.467285 0.743164 0.006863 0.016899
0 0.248047 0.450684 0.010029 0.011027
0 0.220703 0.701172 0.007753 0.013790
0 0.919434 0.446289 0.010805 0.009695
0 0.490723 0.424805 0.006863 0.014959
0 0.256836 0.450684 0.010305 0.009630
0 0.253418 0.532227 0.008582 0.011485
0 0.199707 0.446777 0.010029 0.009695
0 0.154297 0.455566 0.010029 0.009630
0 0.434082 0.563965 0.006034 0.013790
0 0.219727 0.585938 0.006863 0.011961
0 0.596680 0.442871 0.010305 0.007912
0 0.464844 0.519043 0.006863 0.011485
0 0.438477 0.516113 0.006863 0.011485
0 0.384766 0.416016 0.008582 0.009184
0 0.964844 0.600098 0.006034 0.012714
0 0.068359 0.437012 0.008582 0.008582
0 0.995117 0.424805 0.008582 0.008582
0 0.469727 0.493652 0.006589 0.011027
0 0.515137 0.462402 0.006034 0.011961
0 0.644531 0.419434 0.009436 0.007597
0 0.975098 0.447266 0.008999 0.007912
0 0.085449 0.429687 0.008020 0.008467
0 0.707520 0.418945 0.008582 0.007648
0 0.471191 0.418457 0.006034 0.010879
0 0.612793 0.436035 0.008582 0.007597
0 0.436587 0.276367 0.006863 0.009184
0 0.506836 0.387695 0.005163 0.009184
0 0.469727 0.352539 0.005163 0.008999
0 0.231445 0.562012 0.005163 0.008938
0 0.483398 0.170410 0.005163 0.008020
0 0.480957 0.227539 0.004448 0.008020
0 0.483398 0.067383 0.003730 0.005754
0 0.493164 0.007812 0.003438 0.005488
