0 0.676270 0.908203 0.009436 0.022923
0 0.436523 0.941895 0.006863 0.021714
0 0.498457 0.736060 0.006863 0.019883
0 0.494629 0.808105 0.006863 0.019883
0 0.819824 0.416992 0.012043 0.010732
0 0.653076 0.471436 0.010305 0.011407
0 0.225098 0.718262 0.008582 0.013422
0 0.167969 0.458008 0.010305 0.010305
0 0.426270 0.597656 0.006034 0.016899
0 0.904761 0.391479 0.010879 0.009184
0 0.119629 0.429688 0.009436 0.010305
0 0.200195 0.484863 0.009436 0.010305
0 0.498708 0.751244 0.005488 0.017246
0 0.312012 0.450684 0.010305 0.009184
0 0.770996 0.436523 0.010305 0.009184
0 0.687500 0.441406 0.009436 0.009695
0 0.696777 0.441406 0.009436 0.009695
0 0.940430 0.415527 0.009436 0.009184
0 0.961426 0.597656 0.006863 0.011961
0 0.876465 0.389160 0.008582 0.009184
0 0.264648 0.753418 0.008582 0.009184
0 0.602539 0.442871 0.010305 0.007597
0 0.910645 0.367188 0.008582 0.008582
0 0.893555 0.420898 0.009565 0.007597
0 0.530762 0.441406 0.008582 0.008020
0 0.493178 0.150712 0.006034 0.010305
0 0.436523 0.924316 0.003438 0.017246
0 0.459473 0.329590 0.005163 0.010305
0 0.460532 0.200908 0.005163 0.010305
0 0.495438 0.187119 0.005163 0.010305
0 0.477051 0.072266 0.005163 0.009184
0 0.479786 0.192603 0.003438 0.008020
0 0.488770 0.047852 0.003438 0.008020
