0 0.52734375 0.55224609375 0.008938196301460267 0.016335900407284498
0 0.5341796875 0.6005859375 0.009436062909662724 0.015162616875022652
0 0.49560546875 0.56884765625 0.00686258627101779 0.017245826311409473
0 0.91455078125 0.44677734375 0.012042735982686282 0.009183756075799465
0 0.13427734375 0.45556640625 0.010029390268027783 0.010374988056719305
0 0.2314453125 0.42578125 0.009436062909662724 0.011027349624782802
0 0.78076171875 0.44384765625 0.010304928664118052 0.009695301204919815
0 0.26708984375 0.7451171875 0.008582112193107606 0.01148489061743021
0 0.14599609375 0.45458984375 0.010029390268027783 0.009695301204919815
0 0.048095703125 0.453369140625 0.010304928664118052 0.009183756075799465
0 0.8447265625 0.42041015625 0.010304928664118052 0.009183756075799465
0 0.1005859375 0.42919921875 0.009436062909662724 0.009183756075799465
0 0.208984375 0.64111328125 0.006033619958907366 0.013790421094745398
0 0.03759765625 0.4619140625 0.010304928664118052 0.00791193637996912
0 0.84326171875 0.4453125 0.010304928664118052 0.007648384617641569
0 0.22216796875 0.5751953125 0.00686258627101779 0.01148489061743021
0 0.25244140625 0.5302734375 0.00686258627101779 0.01148489061743021
0 0.6220703125 0.41259765625 0.008582112193107606 0.009183756075799465
0 0.6396484375 0.41943359375 0.009436062909662724 0.008019882673397661
0 0.44677734375 0.56640625 0.006033619958907366 0.011961414758116008
0 0.8818359375 0.35986328125 0.007752735074609518 0.009183756075799465
0 0.26953125 0.51708984375 0.00686258627101779 0.010304928664118052
0 0.96728515625 0.6005859375 0.006033619958907366 0.01148489061743021
0 0.80615234375 0.421875 0.008582112193107606 0.008019882673397661
0 0.3974609375 0.220703125 0.00686258627101779 0.009183756075799465
0 0.48876953125 0.4384765625 0.006033619958907366 0.009961661510169507
0 0.4697265625 0.4951171875 0.006589191546663643 0.00899896388873458
0 0.443359375 0.4345703125 0.006033619958907366 0.009183756075799465
0 0.513671875 0.40185546875 0.006033619958907366 0.009183756075799465
0 0.4677734375 0.34814453125 0.006033619958907366 0.008019882673397661
0 0.5244140625 0.4140625 0.006033619958907366 0.008019882673397661
0 0.47021484375 0.26025390625 0.005162946553900838 0.009183756075799465
0 0.48876953125 0.28564453125 0.005162946553900838 0.008019882673397661
0 0.46630859375 0.5029296875 0.0054505299776792535 0.006074640667065979
