0 0.5986328125 0.7041015625 0.012042735982686282 0.014265618566423655
0 0.63671875 0.716796875 0.012042735982686282 0.013421684969216587
0 0.51416015625 0.99462890625 0.013790421094745398 0.0107421875
0 0.9638671875 0.45068359375 0.012886986136436464 0.011562972515821458
0 0.39111328125 0.7021484375 0.008582112193107606 0.014958530105650425
0 0.55810546875 0.65478515625 0.009436062909662724 0.013421684969216587
0 0.48876953125 0.0546875 0.00686258627101779 0.018330215848982336
0 0.25244140625 0.7373046875 0.009436062909662724 0.012713528517633677
0 0.26416015625 0.52392578125 0.008582112193107606 0.013790421094745398
0 0.6416015625 0.44140625 0.010304928664118052 0.010374988056719305
0 0.21630859375 0.63037109375 0.00686258627101779 0.015162616875022652
0 0.5322265625 0.58349609375 0.007393611408770085 0.013790421094745398
0 0.56884765625 0.44140625 0.010304928664118052 0.009695301204919815
0 0.21533203125 0.6865234375 0.00686258627101779 0.013790421094745398
0 0.25537109375 0.5322265625 0.00686258627101779 0.013790421094745398
0 0.21923828125 0.44970703125 0.010304928664118052 0.009183756075799465
0 0.5498046875 0.41943359375 0.009436062909662724 0.009183756075799465
0 0.544921875 0.39599609375 0.009436062909662724 0.009183756075799465
0 0.8935546875 0.41943359375 0.008582112193107606 0.009695301204919815
0 0.21728515625 0.5986328125 0.006033619958907366 0.013790421094745398
0 0.23486328125 0.55810546875 0.006033619958907366 0.013790421094745398
0 0.97021484375 0.603515625 0.006033619958907366 0.013790421094745398
0 0.15625 0.4462890625 0.008582112193107606 0.009183756075799465
0 0.31982421875 0.4169921875 0.008582112193107606 0.009183756075799465
0 0.38720703125 0.4150390625 0.008582112193107606 0.009183756075799465
0 0.79638671875 0.416015625 0.008582112193107606 0.009183756075799465
0 0.9345703125 0.4248046875 0.008582112193107606 0.009183756075799465
0 0.234375 0.71142578125 0.006033619958907366 0.011253795120865108
0 0.4248046875 0.42138671875 0.006033619958907366 0.009183756075799465
0 0.501953125 0.6552734375 0.0032348708249628545 0.015162616875022652
0 0.45263671875 0.27734375 0.006033619958907366 0.008019882673397661
0 0.4443359375 0.4033203125 0.005162946553900838 0.008019882673397661
0 0.44921875 0.31298828125 0.005162946553900838 0.008019882673397661
0 0.4697265625 0.18798828125 0.005162946553900838 0.008019882673397661
0 0.49267578125 0.39306640625 0.005162946553900838 0.008019882673397661
0 0.47021484375 0.1171875 0.003438275051303208 0.008019882673397661
0 0.4721594876550205 0.0481315356142184 0.003438275051303208 0.008019882673397661
0 0.490234375 0.22412109375 0.003438275051303208 0.008019882673397661
0 0.47302377383502964 0.0808138902747644 0.002586725912988186 0.00686258627101779
