0 0.475098 0.950684 0.008582 0.021714
0 0.438477 0.986816 0.006863 0.021714
0 0.473633 0.819824 0.006863 0.018330
0 0.362793 0.726562 0.009436 0.012628
0 0.931152 0.372559 0.012043 0.009184
0 0.963379 0.598633 0.007753 0.012542
0 0.031738 0.465820 0.010305 0.009184
0 0.719727 0.418457 0.010305 0.009184
0 0.230957 0.560547 0.007753 0.012125
0 0.399414 0.687988 0.006863 0.012628
0 0.846680 0.444824 0.008582 0.009695
0 0.270996 0.451660 0.008582 0.009184
0 0.321777 0.424805 0.008582 0.009184
0 0.916016 0.438965 0.008582 0.008582
0 0.985352 0.392578 0.007753 0.009184
0 0.438477 0.391113 0.006034 0.011485
0 0.488770 0.217285 0.006034 0.011485
0 0.105957 0.431152 0.008582 0.008020
0 0.165039 0.434570 0.008582 0.008020
0 0.221680 0.424805 0.008582 0.008020
0 0.380371 0.448242 0.008582 0.008020
0 0.439453 0.508789 0.006863 0.009184
0 0.461059 0.143175 0.003438 0.008020
0 0.480469 0.008301 0.002587 0.005488
