0 0.506836 0.976563 0.008296 0.019883
0 0.168457 0.447754 0.012043 0.009894
0 0.227539 0.712891 0.008582 0.013422
0 0.247070 0.539551 0.008582 0.012125
0 0.130859 0.457520 0.010879 0.009184
0 0.892578 0.445801 0.010305 0.009184
0 0.115723 0.428711 0.009436 0.009184
0 0.413826 0.416016 0.009436 0.009184
0 0.099609 0.435547 0.010029 0.008582
0 0.466797 0.687012 0.006034 0.013790
0 0.437673 0.549411 0.006034 0.013790
0 0.736328 0.418945 0.010305 0.008020
0 0.965332 0.600098 0.006034 0.012714
0 0.494029 0.452255 0.006863 0.015790
0 0.216630 0.598110 0.006034 0.011961
0 0.677734 0.419434 0.010305 0.006863
0 0.948242 0.446777 0.009436 0.007344
0 0.587402 0.435547 0.008582 0.008020
0 0.471554 0.384682 0.006034 0.011254
0 0.466906 0.482218 0.006034 0.010879
0 0.471136 0.453302 0.006034 0.010879
0 0.443848 0.658203 0.005163 0.011485
0 0.574219 0.442871 0.008582 0.006863
0 0.511565 0.406589 0.006034 0.009184
0 0.227394 0.571654 0.006034 0.009184
0 0.470313 0.322503 0.005163 0.009962
0 0.482910 0.264702 0.005163 0.008020
0 0.497815 0.145783 0.005163 0.006863
0 0.485575 0.192085 0.004300 0.008020
0 0.449847 0.178925 0.004300 0.008020
