0 0.505859 0.979980 0.008582 0.030469
0 0.351074 0.738281 0.010305 0.013422
0 0.152832 0.369141 0.009436 0.011485
0 0.267090 0.520508 0.008582 0.011485
0 0.147461 0.458008 0.010305 0.009184
0 0.944824 0.446777 0.010305 0.009184
0 0.601562 0.435547 0.010305 0.009184
0 0.440430 0.646484 0.006034 0.015163
0 0.189941 0.431152 0.009436 0.009184
0 0.990723 0.424805 0.009436 0.009184
0 0.864258 0.351562 0.009436 0.009184
0 0.560059 0.441895 0.009436 0.009184
0 0.524902 0.392578 0.009436 0.009184
0 0.300293 0.422363 0.008582 0.009184
0 0.374512 0.447266 0.008582 0.009184
0 0.111816 0.431152 0.008582 0.009184
0 0.051270 0.494141 0.008582 0.009184
0 0.976562 0.417480 0.008582 0.009184
0 0.609863 0.418457 0.008582 0.009184
0 0.030762 0.442383 0.007753 0.009184
0 0.479004 0.152344 0.006034 0.010305
0 0.486837 0.330325 0.006034 0.009184
0 0.498091 0.231376 0.005163 0.010305
0 0.460111 0.211199 0.005163 0.008020
0 0.496050 0.174124 0.003438 0.010305
