0 0.4736328125 0.79931640625 0.008938196301460267 0.019882865250110626
0 0.4970703125 0.599609375 0.006033619958907366 0.019882865250110626
0 0.4736328125 0.68896484375 0.00686258627101779 0.017245826311409473
0 0.53662109375 0.419921875 0.009436062909662724 0.00962983136996627
0 0.39013671875 0.4462890625 0.009436062909662724 0.009183756075799465
0 0.2099609375 0.61376953125 0.006589191546663643 0.01262767817825079
0 0.4736328125 0.591796875 0.006033619958907366 0.013790421094745398
0 0.42431640625 0.62060546875 0.006033619958907366 0.013790421094745398
0 0.29345703125 0.44921875 0.010304928664118052 0.008019882673397661
0 0.484375 0.2900390625 0.00686258627101779 0.01148489061743021
0 0.5068359375 0.4033203125 0.00686258627101779 0.01148489061743021
0 0.162109375 0.4560546875 0.008582112193107606 0.009183756075799465
0 0.38134765625 0.44775390625 0.008582112193107606 0.009183756075799465
0 0.83056640625 0.41943359375 0.008582112193107606 0.009183756075799465
0 0.9638671875 0.5986328125 0.00686258627101779 0.011253795120865108
0 0.21826171875 0.4248046875 0.008582112193107606 0.008019882673397661
0 0.2939453125 0.427734375 0.008582112193107606 0.008019882673397661
0 0.33056640625 0.41845703125 0.008582112193107606 0.008019882673397661
0 0.3740234375 0.44140625 0.008582112193107606 0.008019882673397661
0 0.794921875 0.4375 0.008582112193107606 0.008019882673397661
0 0.748046875 0.443359375 0.008582112193107606 0.007700382871553302
0 0.44091796875 0.39306640625 0.006033619958907366 0.009183756075799465
0 0.2548828125 0.53125 0.006033619958907366 0.009183756075799465
0 0.4443359375 0.3076171875 0.005162946553900838 0.008019882673397661
