0 0.496582 0.934082 0.006034 0.019883
0 0.152832 0.486816 0.010029 0.010879
0 0.247070 0.740234 0.008582 0.012628
0 0.645996 0.440918 0.010879 0.009695
0 0.153320 0.368652 0.009436 0.011027
0 0.439359 0.828188 0.006034 0.016785
0 0.961426 0.597656 0.007753 0.012714
0 0.110840 0.460449 0.010305 0.009184
0 0.501465 0.816532 0.003438 0.025722
0 0.712891 0.435547 0.010305 0.008582
0 0.181641 0.426758 0.009436 0.009184
0 0.431152 0.558594 0.006034 0.013790
0 0.943848 0.391602 0.010305 0.008020
0 0.256348 0.452637 0.008582 0.009184
0 0.056152 0.440430 0.008582 0.009184
0 0.873535 0.414062 0.010305 0.007597
0 0.653320 0.441406 0.008999 0.007597
0 0.878906 0.419434 0.008582 0.007597
0 0.952148 0.422363 0.008999 0.006909
0 0.557617 0.443848 0.010305 0.005912
0 0.913574 0.391113 0.008296 0.007051
0 0.496094 0.213867 0.006034 0.009184
0 0.496094 0.176270 0.006034 0.009184
0 0.460701 0.289393 0.005163 0.009184
0 0.478582 0.097168 0.005163 0.009184
0 0.002930 0.438965 0.005163 0.008020
0 0.459504 0.156502 0.005163 0.008020
