0 0.349121 0.738281 0.011178 0.012628
0 0.388184 0.703125 0.009436 0.014858
0 0.472168 0.889160 0.006863 0.017246
0 0.240234 0.548828 0.008582 0.013790
0 0.963379 0.598633 0.008582 0.012125
0 0.692871 0.417969 0.010305 0.009184
0 0.441406 0.536133 0.006034 0.013790
0 0.480469 0.199219 0.006863 0.011485
0 0.060059 0.464844 0.008582 0.009184
0 0.078613 0.433594 0.008582 0.009184
0 0.194824 0.426758 0.008582 0.009184
0 0.289551 0.426270 0.008582 0.009184
0 0.387695 0.420898 0.008582 0.009184
0 0.403320 0.446289 0.008582 0.009184
0 0.871582 0.445801 0.008582 0.009184
0 0.945312 0.439453 0.008582 0.009184
0 0.130859 0.436035 0.008582 0.008999
0 0.297861 0.451941 0.008582 0.008999
0 0.438965 0.412598 0.006034 0.009184
0 0.487305 0.415039 0.006034 0.008999
0 0.458496 0.159668 0.005163 0.008020
0 0.458008 0.030273 0.003438 0.008020
0 0.457520 0.064453 0.002587 0.006863
