0 0.47412109375 0.87646484375 0.00686258627101779 0.019882865250110626
0 0.4384765625 0.94970703125 0.00686258627101779 0.019882865250110626
0 0.3740234375 0.7158203125 0.009436062909662724 0.013421684969216587
0 0.9482421875 0.37646484375 0.012886986136436464 0.009183756075799465
0 0.47314453125 0.75732421875 0.006033619958907366 0.016898811701685192
0 0.28076171875 0.51171875 0.008582112193107606 0.01148489061743021
0 0.962890625 0.5986328125 0.007752735074609518 0.012542406655848028
0 0.748046875 0.41845703125 0.010304928664118052 0.009183756075799465
0 0.82177734375 0.4443359375 0.009436062909662724 0.009183756075799465
0 0.52392578125 0.3916015625 0.009436062909662724 0.009183756075799465
0 0.2236328125 0.572265625 0.00686258627101779 0.011961414758116008
0 0.40673828125 0.673828125 0.00686258627101779 0.011961414758116008
0 0.134765625 0.4287109375 0.008582112193107606 0.009183756075799465
0 0.2470703125 0.45166015625 0.008582112193107606 0.009183756075799465
0 0.2490234375 0.42333984375 0.008582112193107606 0.009183756075799465
0 0.3544921875 0.423828125 0.008582112193107606 0.009183756075799465
0 0.197265625 0.43212890625 0.008582112193107606 0.009183756075799465
0 0.8857421875 0.4375 0.008582112193107606 0.009183756075799465
0 0.52294921875 0.41259765625 0.007752735074609518 0.009183756075799465
0 0.44140625 0.4736328125 0.006033619958907366 0.01148489061743021
0 0.48291015625 0.234375 0.006033619958907366 0.01148489061743021
0 0.35693359375 0.44873046875 0.008582112193107606 0.008019882673397661
0 0.44140625 0.369140625 0.006033619958907366 0.010304928664118052
0 0.4384765625 0.66162109375 0.004299787525087595 0.013790421094745398
0 0.4921875 0.48046875 0.005162946553900838 0.010304928664118052
0 0.45751953125 0.126953125 0.003438275051303208 0.00686258627101779
0 0.47900390625 0.0205078125 0.002586725912988186 0.004663998121395708
