0 0.495605 0.704346 0.006863 0.030469
0 0.689453 0.867188 0.009436 0.021421
0 0.217285 0.703125 0.008582 0.014959
0 0.250000 0.749512 0.010305 0.012125
0 0.669922 0.470215 0.010879 0.011407
0 0.678711 0.470215 0.010879 0.011407
0 0.712891 0.440918 0.010879 0.009695
0 0.196777 0.457031 0.010305 0.009695
0 0.620605 0.469727 0.010879 0.009184
0 0.421875 0.616699 0.006034 0.015792
0 0.888672 0.391113 0.010305 0.009184
0 0.552734 0.440918 0.010305 0.009184
0 0.908691 0.415039 0.010305 0.008582
0 0.789551 0.413574 0.009565 0.009184
0 0.961426 0.597656 0.006863 0.012714
0 0.418457 0.422852 0.009436 0.009184
0 0.719727 0.441406 0.008582 0.009695
0 0.338379 0.449707 0.010305 0.008020
0 0.864258 0.419922 0.010305 0.008020
0 0.090820 0.431152 0.008582 0.009630
0 0.892578 0.362793 0.009565 0.008582
0 0.223633 0.483887 0.008582 0.009184
0 0.298828 0.383789 0.008582 0.009184
0 0.521484 0.391602 0.008582 0.009184
0 0.798340 0.437500 0.010305 0.007597
0 0.858398 0.388672 0.008582 0.007597
0 0.461059 0.222656 0.005163 0.010879
0 0.460333 0.357445 0.005163 0.009962
0 0.476641 0.059635 0.005163 0.008020
0 0.493054 0.137995 0.005163 0.008020
0 0.492676 0.174316 0.005163 0.008020
0 0.487305 0.036621 0.004300 0.008020
