0 0.47265625 0.9384765625 0.008938196301460267 0.022923137806355954
0 0.47265625 0.80908203125 0.00686258627101779 0.019882865250110626
0 0.38720703125 0.7021484375 0.008582112193107606 0.014958530105650425
0 0.96435546875 0.38037109375 0.012042735982686282 0.009183756075799465
0 0.26953125 0.517578125 0.008582112193107606 0.01148489061743021
0 0.96337890625 0.59814453125 0.007752735074609518 0.012713528517633677
0 0.41259765625 0.6552734375 0.00686258627101779 0.013790421094745398
0 0.2197265625 0.5869140625 0.00686258627101779 0.013790421094745398
0 0.47265625 0.69677734375 0.005162946553900838 0.017245826311409473
0 0.38671875 0.4228515625 0.009436062909662724 0.009183756075799465
0 0.77587890625 0.41845703125 0.009436062909662724 0.009183756075799465
0 0.796875 0.4443359375 0.009436062909662724 0.009183756075799465
0 0.2158203125 0.45361328125 0.008582112193107606 0.009183756075799465
0 0.85546875 0.4384765625 0.008582112193107606 0.009183756075799465
0 0.33447265625 0.44921875 0.008582112193107606 0.008019882673397661
0 0.22802734375 0.4296875 0.008582112193107606 0.008019882673397661
0 0.4921875 0.51611328125 0.005162946553900838 0.01148489061743021
0 0.1630859375 0.42822265625 0.008582112193107606 0.00686258627101779
0 0.48046875 0.25244140625 0.006033619958907366 0.009183756075799465
0 0.27734375 0.421875 0.007752735074609518 0.00686258627101779
0 0.494140625 0.517578125 0.0054505299776792535 0.009436062909662724
0 0.44140625 0.44482421875 0.005162946553900838 0.009183756075799465
0 0.44287109375 0.34912109375 0.005162946553900838 0.009183756075799465
0 0.45556640625 0.11279296875 0.003438275051303208 0.00686258627101779
0 0.47998046875 0.03466796875 0.003438275051303208 0.0061159395147115
0 0.47412109375 0.0087890625 0.002586725912988186 0.0061159395147115
