0 0.6640625 0.95361328125 0.009436062909662724 0.023393862508237363
0 0.4365234375 0.88134765625 0.007393611408770085 0.019882865250110626
0 0.49462890625 0.86865234375 0.00686258627101779 0.01935122646391392
0 0.63818359375 0.47021484375 0.010878923535346986 0.011407336313277484
0 0.1767578125 0.4853515625 0.010304928664118052 0.01148489061743021
0 0.49609375 0.77294921875 0.005162946553900838 0.022923137806355954
0 0.23486328125 0.73046875 0.008582112193107606 0.013421684969216587
0 0.13720703125 0.458984375 0.010304928664118052 0.011027349624782802
0 0.28173828125 0.45263671875 0.012042735982686282 0.009183756075799465
0 0.279296875 0.759765625 0.008582112193107606 0.011720731388777496
0 0.96142578125 0.59765625 0.007752735074609518 0.012713528517633677
0 0.66552734375 0.44140625 0.010029390268027783 0.009695301204919815
0 0.84423828125 0.41357421875 0.010304928664118052 0.009183756075799465
0 0.923828125 0.3916015625 0.010304928664118052 0.009183756075799465
0 0.970703125 0.416015625 0.009436062909662724 0.009183756075799465
0 0.43017578125 0.578125 0.006033619958907366 0.013790421094745398
0 0.7421875 0.4365234375 0.010304928664118052 0.00791193637996912
0 0.150390625 0.427734375 0.008582112193107606 0.009183756075799465
0 0.0205078125 0.44384765625 0.008582112193107606 0.009183756075799465
0 0.67724609375 0.44140625 0.008582112193107606 0.009183756075799465
0 0.52197265625 0.3935546875 0.008582112193107606 0.009183756075799465
0 0.57958984375 0.443359375 0.010304928664118052 0.007596736727282406
0 0.84912109375 0.41943359375 0.008582112193107606 0.00899896388873458
0 0.89453125 0.39013671875 0.008582112193107606 0.008582112193107606
0 0.92626953125 0.37158203125 0.008582112193107606 0.008582112193107606
0 0.9228515625 0.4208984375 0.00956480409950018 0.007596736727282406
0 0.53955078125 0.39599609375 0.008582112193107606 0.008019882673397661
0 0.4951171875 0.201171875 0.006033619958907366 0.010304928664118052
0 0.45849609375 0.17724609375 0.005162946553900838 0.009961661510169507
0 0.45849609375 0.3095703125 0.005162946553900838 0.00956480409950018
0 0.47900390625 0.08447265625 0.005162946553900838 0.009183756075799465
0 0.478515625 0.2138671875 0.004299787525087595 0.008019882673397661
0 0.48876953125 0.05810546875 0.004299787525087595 0.008019882673397661
