0 0.502930 0.897461 0.005833 0.034422
0 0.607910 0.441406 0.010879 0.009630
0 0.963379 0.598633 0.007753 0.012887
0 0.658203 0.435547 0.010305 0.009695
0 0.438477 0.731445 0.006863 0.013790
0 0.434570 0.517578 0.006863 0.013790
0 0.054688 0.464844 0.010305 0.009184
0 0.202637 0.455566 0.010305 0.009184
0 0.273438 0.752441 0.010305 0.009184
0 0.933594 0.421875 0.010029 0.009184
0 0.054688 0.434082 0.009436 0.009184
0 0.104492 0.491699 0.009436 0.009184
0 0.555664 0.418945 0.009436 0.009184
0 0.952148 0.393066 0.009436 0.009184
0 0.980469 0.394043 0.009436 0.009184
0 0.122070 0.435547 0.008582 0.009184
0 0.323730 0.752441 0.008582 0.009184
0 0.977051 0.382324 0.009565 0.008020
0 0.920410 0.416016 0.008582 0.008582
0 0.995117 0.446777 0.008582 0.008582
0 0.241211 0.423828 0.007753 0.009184
0 0.497669 0.244960 0.006034 0.010305
0 0.495605 0.202148 0.006034 0.010305
0 0.480412 0.123719 0.006034 0.009184
0 0.485556 0.278100 0.006034 0.009184
0 0.459473 0.248047 0.005163 0.008020
