0 0.23876953125 0.7236328125 0.009436062909662724 0.014958530105650425
0 0.10791015625 0.458984375 0.013790421094745398 0.00962983136996627
0 0.00634765625 0.4375 0.012042735982686282 0.010097575932741167
0 0.240234375 0.54736328125 0.008582112193107606 0.013421684969216587
0 0.8642578125 0.44482421875 0.010304928664118052 0.011027349624782802
0 0.13720703125 0.44921875 0.010878923535346986 0.009695301204919815
0 0.212890625 0.607421875 0.00686258627101779 0.015162616875022652
0 0.00634765625 0.44287109375 0.010878923535346986 0.009500215295702219
0 0.27685546875 0.5107421875 0.008582112193107606 0.01148489061743021
0 0.2138671875 0.451171875 0.010029390268027783 0.009695301204919815
0 0.20263671875 0.45263671875 0.010029390268027783 0.00962983136996627
0 0.4951171875 0.47705078125 0.00686258627101779 0.013790421094745398
0 0.46533203125 0.63427734375 0.006033619958907366 0.015162616875022652
0 0.9931640625 0.44775390625 0.008582112193107606 0.010374988056719305
0 0.76318359375 0.419921875 0.009436062909662724 0.009183756075799465
0 0.44189453125 0.63427734375 0.006033619958907366 0.013790421094745398
0 0.96630859375 0.6005859375 0.006033619958907366 0.013790421094745398
0 0.158203125 0.30859375 0.008582112193107606 0.009183756075799465
0 0.92041015625 0.4462890625 0.008582112193107606 0.009183756075799465
0 0.14208984375 0.42724609375 0.008582112193107606 0.008582112193107606
0 0.82568359375 0.33642578125 0.007752735074609518 0.009183756075799465
0 0.43798828125 0.529296875 0.005162946553900838 0.013790421094745398
0 0.4384765625 0.48583984375 0.006033619958907366 0.01148489061743021
0 0.55029296875 0.439453125 0.008582112193107606 0.008019882673397661
0 0.55126953125 0.43310546875 0.008582112193107606 0.008019882673397661
0 0.54345703125 0.41259765625 0.008582112193107606 0.008019882673397661
0 0.4697265625 0.41748046875 0.006033619958907366 0.011253795120865108
0 0.46728515625 0.4453125 0.006033619958907366 0.010878923535346986
0 0.47119140625 0.3505859375 0.0054505299776792535 0.010878923535346986
0 0.4248046875 0.24658203125 0.006033619958907366 0.009183756075799465
0 0.70849609375 0.41845703125 0.00686258627101779 0.008019882673397661
0 0.482421875 0.30419921875 0.005162946553900838 0.009961661510169507
0 0.46728515625 0.2919921875 0.005162946553900838 0.00899896388873458
0 0.48486328125 0.2138671875 0.005162946553900838 0.008019882673397661
0 0.4951171875 0.1591796875 0.003438275051303208 0.008019882673397661
