0 0.342773 0.441406 0.009436 0.010305
0 0.208008 0.627930 0.006863 0.013790
0 0.464980 0.752536 0.006863 0.013790
0 0.486853 0.310442 0.006863 0.012628
0 0.358294 0.448312 0.008582 0.009695
0 0.472168 0.636719 0.006034 0.013790
0 0.429667 0.602917 0.006034 0.013790
0 0.475182 0.738329 0.006034 0.013790
0 0.244141 0.538574 0.006863 0.011485
0 0.133301 0.457520 0.008582 0.009184
0 0.269043 0.450684 0.008582 0.009184
0 0.368652 0.446777 0.008582 0.009184
0 0.858887 0.419434 0.008582 0.009184
0 0.722656 0.442383 0.008582 0.009184
0 0.564941 0.419922 0.008582 0.009184
0 0.497072 0.638869 0.006034 0.012975
0 0.963867 0.599121 0.006863 0.011254
0 0.412542 0.656166 0.006034 0.011485
0 0.765137 0.436523 0.008582 0.008020
0 0.247559 0.422852 0.006863 0.009184
0 0.326660 0.425781 0.006863 0.009184
0 0.509277 0.421875 0.006034 0.010305
0 0.290527 0.504883 0.006034 0.010305
0 0.470723 0.545189 0.005163 0.011485
0 0.441181 0.372188 0.005163 0.010305
0 0.504565 0.305255 0.005163 0.009184
0 0.268066 0.520020 0.005163 0.008020
