0 0.161133 0.454102 0.018083 0.011485
0 0.426758 0.666504 0.012043 0.016336
0 0.200684 0.426270 0.012043 0.011485
0 0.257324 0.740723 0.009436 0.013422
0 0.257324 0.522461 0.010305 0.012207
0 0.078125 0.452148 0.012043 0.010305
0 0.494141 0.538574 0.006863 0.016785
0 0.166992 0.454102 0.012043 0.009184
0 0.059570 0.460938 0.012043 0.009184
0 0.941406 0.447754 0.012043 0.009184
0 0.211426 0.629883 0.006863 0.015163
0 0.445312 0.586914 0.006863 0.015163
0 0.542480 0.395996 0.010305 0.009184
0 0.229492 0.565430 0.007394 0.011961
0 0.071777 0.430176 0.009436 0.009184
0 0.808105 0.443359 0.009436 0.009184
0 0.528809 0.583008 0.006863 0.012125
0 0.465332 0.539551 0.006034 0.013790
0 0.867188 0.445801 0.010305 0.008020
0 0.279297 0.510742 0.006863 0.011485
0 0.820312 0.420410 0.008582 0.009184
0 0.597656 0.412109 0.008582 0.009184
0 0.609375 0.419434 0.008582 0.009184
0 0.864258 0.352051 0.007753 0.009184
0 0.512695 0.385254 0.006034 0.011485
0 0.966309 0.600586 0.006034 0.011254
0 0.002930 0.435547 0.005859 0.010305
0 0.442383 0.451660 0.006034 0.010305
0 0.468052 0.381859 0.006034 0.009184
0 0.408203 0.227539 0.006034 0.008020
0 0.484863 0.390137 0.005163 0.009184
0 0.469727 0.289551 0.005163 0.009184
0 0.469727 0.236816 0.004300 0.008020
0 0.484863 0.135742 0.003438 0.006863
0 0.484863 0.029297 0.003438 0.006116
