0 0.502930 0.851562 0.006034 0.025722
0 0.259277 0.749023 0.010305 0.011485
0 0.624023 0.440918 0.010879 0.009695
0 0.438477 0.776855 0.006034 0.017246
0 0.617676 0.470215 0.010305 0.009894
0 0.684570 0.435547 0.010305 0.009695
0 0.961426 0.597656 0.007753 0.012714
0 0.210938 0.425781 0.008582 0.010305
0 0.906738 0.421875 0.010029 0.008582
0 0.530762 0.419434 0.008582 0.009630
0 0.435547 0.537598 0.006863 0.011485
0 0.228027 0.454102 0.008582 0.009184
0 0.081543 0.462891 0.008582 0.009184
0 0.090820 0.437500 0.008582 0.009184
0 0.128418 0.489258 0.008582 0.009184
0 0.897461 0.414551 0.008582 0.009184
0 0.631836 0.441895 0.008582 0.008999
0 0.536621 0.443359 0.009565 0.007597
0 0.931152 0.391113 0.008582 0.008020
0 0.963379 0.392090 0.008582 0.008020
0 0.983398 0.422852 0.008582 0.007912
0 0.027344 0.437500 0.006863 0.009184
0 0.482233 0.258093 0.006034 0.009184
0 0.478516 0.110352 0.006034 0.009184
0 0.459922 0.269097 0.005163 0.008020
0 0.458923 0.135900 0.005163 0.008020
0 0.492188 0.133301 0.005163 0.008020
0 0.495377 0.189749 0.005163 0.008020
0 0.496521 0.231307 0.005163 0.008020
0 0.490723 0.081981 0.004300 0.006863
