0 0.50390625 0.84619140625 0.00686258627101779 0.019882865250110626
0 0.26025390625 0.525390625 0.009436062909662724 0.011720731388777496
0 0.21728515625 0.68701171875 0.007752735074609518 0.013790421094745398
0 0.27294921875 0.44970703125 0.010878923535346986 0.00962983136996627
0 0.4658203125 0.8046875 0.006589191546663643 0.015162616875022652
0 0.2275390625 0.4462890625 0.010029390268027783 0.009695301204919815
0 0.43798828125 0.70947265625 0.00686258627101779 0.013790421094745398
0 0.94775390625 0.44677734375 0.010304928664118052 0.009183756075799465
0 0.27978515625 0.44970703125 0.009436062909662724 0.00962983136996627
0 0.47021484375 0.53466796875 0.006544696399942041 0.013790421094745398
0 0.22216796875 0.5771484375 0.007393611408770085 0.011961414758116008
0 0.4365234375 0.5322265625 0.006033619958907366 0.013790421094745398
0 0.96484375 0.60009765625 0.006033619958907366 0.013790421094745398
0 0.03076171875 0.4384765625 0.008582112193107606 0.00962983136996627
0 0.4658203125 0.560546875 0.007393611408770085 0.010878923535346986
0 0.0205078125 0.46484375 0.008582112193107606 0.009183756075799465
0 0.3583984375 0.4169921875 0.008582112193107606 0.009183756075799465
0 0.9697265625 0.423828125 0.008582112193107606 0.009183756075799465
0 0.64453125 0.435546875 0.008582112193107606 0.009183756075799465
0 0.09716796875 0.3349609375 0.008582112193107606 0.00899896388873458
0 0.17724609375 0.45556640625 0.008582112193107606 0.00899896388873458
0 0.51513671875 0.44384765625 0.006033619958907366 0.01262767817825079
0 0.48828125 0.3994140625 0.006589191546663643 0.011253795120865108
0 0.056640625 0.43212890625 0.008582112193107606 0.008582112193107606
0 0.623046875 0.44287109375 0.008582112193107606 0.008296236023306848
0 0.61279296875 0.41845703125 0.007752735074609518 0.009183756075799465
0 0.43359375 0.58447265625 0.005162946553900838 0.013790421094745398
0 0.4716796875 0.45751953125 0.006033619958907366 0.010878923535346986
0 0.23876953125 0.55224609375 0.005162946553900838 0.009183756075799465
0 0.4697265625 0.38720703125 0.005162946553900838 0.008019882673397661
0 0.4482421875 0.212890625 0.004299787525087595 0.008019882673397661
0 0.48046875 0.19384765625 0.003438275051303208 0.008019882673397661
0 0.48828125 0.15185546875 0.003438275051303208 0.00686258627101779
0 0.47900390625 0.048828125 0.003064192039892078 0.005638346867635847
