0 0.027832 0.459961 0.018083 0.011485
0 0.574219 0.678223 0.010305 0.016336
0 0.332031 0.748047 0.012043 0.013422
0 0.502930 0.756348 0.006034 0.024200
0 0.005859 0.488770 0.011719 0.011485
0 0.548340 0.639648 0.008582 0.015163
0 0.493652 0.745117 0.006863 0.017246
0 0.638672 0.441895 0.010305 0.010305
0 0.778401 0.443809 0.010305 0.010305
0 0.209473 0.630859 0.006863 0.013790
0 0.220215 0.694824 0.006863 0.013790
0 0.967285 0.602051 0.006863 0.013790
0 0.790039 0.420410 0.009436 0.009184
0 0.963379 0.426758 0.009436 0.009184
0 0.240723 0.550293 0.006863 0.011485
0 0.268066 0.520508 0.006863 0.011485
0 0.530762 0.564453 0.006863 0.011485
0 0.658691 0.413086 0.008582 0.009184
0 0.706055 0.441895 0.008582 0.009184
0 0.758789 0.413574 0.008582 0.009184
0 0.980957 0.421387 0.008582 0.009184
0 0.227105 0.575869 0.006034 0.011485
0 0.243652 0.419434 0.007753 0.008020
0 0.347168 0.445801 0.007753 0.008020
0 0.485351 0.008613 0.006034 0.017227
0 0.505859 0.286621 0.006034 0.010305
0 0.213458 0.664453 0.005163 0.011485
0 0.179069 0.424922 0.008582 0.006863
0 0.291016 0.504883 0.006034 0.009630
0 0.266113 0.426758 0.007753 0.006863
0 0.312012 0.439453 0.007753 0.006863
0 0.375210 0.416191 0.007753 0.006863
0 0.393183 0.422666 0.007753 0.006863
0 0.468906 0.322896 0.005163 0.008020
0 0.467285 0.218750 0.005163 0.008020
0 0.445312 0.393066 0.004300 0.008020
0 0.448097 0.359556 0.004300 0.008020
0 0.472710 0.182773 0.003438 0.008020
0 0.471679 0.142548 0.003438 0.008020
