0 0.6123046875 0.71240234375 0.012042735982686282 0.015899102576076986
0 0.650390625 0.71826171875 0.012886986136436464 0.014265618566423655
0 0.9404296875 0.44873046875 0.012042735982686282 0.01073249513283372
0 0.5361328125 0.60205078125 0.007752735074609518 0.015162616875022652
0 0.400390625 0.68896484375 0.007752735074609518 0.014958530105650425
0 0.248046875 0.54052734375 0.008877839520573617 0.012713528517633677
0 0.56982421875 0.6689453125 0.008582112193107606 0.012124610412865878
0 0.26025390625 0.744140625 0.008582112193107606 0.011961414758116008
0 0.61328125 0.44189453125 0.010304928664118052 0.009695301204919815
0 0.25927734375 0.529296875 0.008582112193107606 0.01148489061743021
0 0.982421875 0.44677734375 0.010029390268027783 0.009695301204919815
0 0.21826171875 0.697265625 0.00686258627101779 0.013790421094745398
0 0.962890625 0.427734375 0.010304928664118052 0.009183756075799465
0 0.91943359375 0.4208984375 0.009436062909662724 0.009695301204919815
0 0.21533203125 0.640625 0.006033619958907366 0.015162616875022652
0 0.193359375 0.45068359375 0.009436062909662724 0.009183756075799465
0 0.54248046875 0.4423828125 0.009436062909662724 0.009183756075799465
0 0.58056640625 0.41943359375 0.009436062909662724 0.008877839520573617
0 0.21484375 0.6103515625 0.006033619958907366 0.013790421094745398
0 0.96923828125 0.60400390625 0.006033619958907366 0.013790421094745398
0 0.12548828125 0.44775390625 0.008582112193107606 0.009183756075799465
0 0.34619140625 0.416015625 0.008582112193107606 0.009183756075799465
0 0.82470703125 0.416015625 0.008582112193107606 0.009183756075799465
0 0.234375 0.72021484375 0.00686258627101779 0.011027349624782802
0 0.234375 0.56640625 0.006033619958907366 0.012124610412865878
0 0.4140625 0.41357421875 0.007752735074609518 0.009183756075799465
0 0.48486328125 0.06640625 0.006033619958907366 0.01148489061743021
0 0.5419921875 0.4140625 0.008296236023306848 0.007596736727282406
0 0.494140625 0.42578125 0.005162946553900838 0.010304928664118052
0 0.44580078125 0.39111328125 0.004299787525087595 0.008019882673397661
0 0.46875 0.16552734375 0.004299787525087595 0.008019882673397661
0 0.450927734375 0.26171875 0.004299787525087595 0.008019882673397661
0 0.451171875 0.29736328125 0.003438275051303208 0.008019882673397661
0 0.48681640625 0.24658203125 0.003438275051303208 0.008019882673397661
0 0.49267578125 0.24658203125 0.003438275051303208 0.008019882673397661
0 0.47021484375 0.1005859375 0.003438275051303208 0.00686258627101779
0 0.4725268496730047 0.032360567294354284 0.003438275051303208 0.00686258627101779
0 0.4697265625 0.0048828125 0.003438275051303208 0.00686258627101779
