0 0.507324 0.949219 0.010305 0.032385
0 0.623047 0.711914 0.011485 0.018083
0 0.587891 0.695801 0.010305 0.017246
0 0.988281 0.450684 0.012887 0.011407
0 0.244141 0.733398 0.010305 0.014266
0 0.382324 0.712891 0.010305 0.014266
0 0.214355 0.676758 0.008582 0.015163
0 0.241699 0.548828 0.008938 0.013422
0 0.269043 0.521484 0.009436 0.012714
0 0.220215 0.587891 0.008582 0.013790
0 0.550293 0.637207 0.007753 0.015163
0 0.259277 0.525391 0.008938 0.012714
0 0.528320 0.565430 0.007394 0.015163
0 0.215332 0.618652 0.006863 0.015163
0 0.667969 0.441895 0.010305 0.009695
0 0.546387 0.395996 0.009436 0.009184
0 0.906250 0.424805 0.008582 0.009695
0 0.969727 0.603516 0.006034 0.013790
0 0.225098 0.703125 0.006863 0.011961
0 0.596191 0.441406 0.008582 0.009184
0 0.769043 0.415039 0.008582 0.009184
0 0.867188 0.417480 0.008582 0.009184
0 0.488770 0.046387 0.006863 0.010305
0 0.357910 0.415527 0.007753 0.008020
0 0.245117 0.448242 0.007753 0.006863
0 0.291016 0.418457 0.007753 0.006863
0 0.391113 0.421875 0.007753 0.006863
0 0.453330 0.293529 0.005163 0.010305
0 0.187988 0.444824 0.006863 0.006863
0 0.444336 0.416504 0.005163 0.008020
0 0.469727 0.211426 0.004300 0.008020
0 0.469727 0.136719 0.004300 0.008020
0 0.450339 0.329590 0.004300 0.008020
0 0.471191 0.064453 0.003438 0.008020
0 0.490187 0.203620 0.003438 0.008020
0 0.493347 0.364529 0.003438 0.008020
