0 0.485840 0.332031 0.008582 0.017246
0 0.472927 0.681381 0.006863 0.017246
0 0.034180 0.356934 0.009436 0.011485
0 0.465047 0.699683 0.006863 0.015163
0 0.887207 0.420898 0.010305 0.009695
0 0.284790 0.506565 0.008582 0.011485
0 0.106934 0.458496 0.008582 0.010305
0 0.313965 0.441895 0.009436 0.009184
0 0.210664 0.643857 0.006034 0.013790
0 0.432617 0.584473 0.006034 0.013790
0 0.472656 0.586426 0.006034 0.013790
0 0.417480 0.637207 0.006034 0.013790
0 0.241699 0.546387 0.006863 0.011485
0 0.339180 0.448290 0.008582 0.009184
0 0.347827 0.449093 0.008582 0.009184
0 0.245605 0.451172 0.008582 0.009184
0 0.277503 0.421970 0.008582 0.009184
0 0.359905 0.423962 0.008582 0.009184
0 0.734863 0.436523 0.010305 0.007597
0 0.963867 0.599121 0.006863 0.011254
0 0.385293 0.416551 0.007753 0.009184
0 0.509277 0.391602 0.006034 0.011254
0 0.510742 0.439453 0.006863 0.009630
0 0.698730 0.442383 0.008582 0.007597
0 0.441406 0.349609 0.005163 0.010305
0 0.498745 0.684434 0.003392 0.015060
0 0.471284 0.501916 0.005163 0.010000
0 0.447735 0.269622 0.004300 0.009184
