0 0.50390625 0.7998046875 0.00686258627101779 0.025721634924411776
0 0.55615234375 0.65625 0.009436062909662724 0.016335900407284498
0 0.5859375 0.6904296875 0.010304928664118052 0.014265618566423655
0 0.345703125 0.74169921875 0.010304928664118052 0.013421684969216587
0 0.49560546875 0.822265625 0.00686258627101779 0.019882865250110626
0 0.22412109375 0.70654296875 0.009436062909662724 0.013978570420295001
0 0.25927734375 0.5263671875 0.010304928664118052 0.01148489061743021
0 0.482421875 0.01806640625 0.00686258627101779 0.017245826311409473
0 0.75048828125 0.44287109375 0.010304928664118052 0.009695301204919815
0 0.0068359375 0.46142578125 0.009436062909662724 0.010304928664118052
0 0.20849609375 0.64208984375 0.00686258627101779 0.013790421094745398
0 0.96728515625 0.60205078125 0.00686258627101779 0.013790421094745398
0 0.60791015625 0.44189453125 0.010304928664118052 0.009183756075799465
0 0.67919921875 0.44189453125 0.010304928664118052 0.009183756075799465
0 0.22119140625 0.5849609375 0.007752735074609518 0.011961414758116008
0 0.78466796875 0.4150390625 0.008582112193107606 0.009183756075799465
0 0.81982421875 0.421875 0.008582112193107606 0.009183756075799465
0 0.68603515625 0.41357421875 0.008582112193107606 0.008296236023306848
0 0.23583984375 0.560546875 0.006033619958907366 0.010878923535346986
0 0.27294921875 0.41845703125 0.007752735074609518 0.008019882673397661
0 0.31982421875 0.44580078125 0.007752735074609518 0.008019882673397661
0 0.20751953125 0.421875 0.008582112193107606 0.00686258627101779
0 0.50634765625 0.3037109375 0.006033619958907366 0.009183756075799465
0 0.29833984375 0.42529296875 0.007752735074609518 0.00686258627101779
0 0.4462890625 0.45751953125 0.005162946553900838 0.010304928664118052
0 0.4951171875 0.47412109375 0.005162946553900838 0.010304928664118052
0 0.220703125 0.673828125 0.005162946553900838 0.010304928664118052
0 0.40283203125 0.416015625 0.00686258627101779 0.00686258627101779
0 0.46728515625 0.19677734375 0.005162946553900838 0.008019882673397661
0 0.46728515625 0.29052734375 0.004299787525087595 0.008019882673397661
0 0.4443359375 0.3759765625 0.003438275051303208 0.008019882673397661
0 0.46875 0.12060546875 0.003438275051303208 0.008019882673397661
0 0.470703125 0.15771484375 0.003438275051303208 0.008019882673397661
0 0.48876953125 0.14306640625 0.003438275051303208 0.00686258627101779
0 0.470703125 0.0859375 0.002586725912988186 0.00686258627101779
