0 0.5048828125 0.84765625 0.009894392732530833 0.027524835243821145
0 0.59619140625 0.69873046875 0.010304928664118052 0.016335900407284498
0 0.5654296875 0.67041015625 0.008877839520573617 0.015162616875022652
0 0.4957275390625 0.908203125 0.006033619958907366 0.021861288323998453
0 0.57958984375 0.44140625 0.010304928664118052 0.010374988056719305
0 0.72021484375 0.4423828125 0.010029390268027783 0.009695301204919815
0 0.84912109375 0.421875 0.010304928664118052 0.009183756075799465
0 0.65283203125 0.44140625 0.009436062909662724 0.009695301204919815
0 0.25146484375 0.44140625 0.008582112193107606 0.010304928664118052
0 0.23486328125 0.42041015625 0.009436062909662724 0.009183756075799465
0 0.49560546875 0.514739990234375 0.006033619958907366 0.013790421094745398
0 0.29833984375 0.44775390625 0.008582112193107606 0.009183756075799465
0 0.30126953125 0.41748046875 0.008582112193107606 0.009183756075799465
0 0.32958984375 0.423828125 0.008582112193107606 0.009183756075799465
0 0.8115234375 0.41552734375 0.008582112193107606 0.009183756075799465
0 0.71484375 0.41357421875 0.008296236023306848 0.008296236023306848
0 0.53662109375 0.6044921875 0.006033619958907366 0.011253795120865108
0 0.9677734375 0.60205078125 0.006033619958907366 0.011253795120865108
0 0.4453125 0.44482421875 0.006033619958907366 0.010304928664118052
0 0.4873046875 0.02978515625 0.006033619958907366 0.010304928664118052
0 0.49755859375 0.91162109375 0.003438275051303208 0.016784698702394962
0 0.49560546875 0.850250244140625 0.003438275051303208 0.01526570161804557
0 0.49560546875 0.845703125 0.003438275051303208 0.013790421094745398
0 0.4482421875 0.35791015625 0.005162946553900838 0.008019882673397661
0 0.45146605575950693 0.32701903698687707 0.005162946553900838 0.008019882673397661
0 0.46728515625 0.26318359375 0.005162946553900838 0.008019882673397661
0 0.46875 0.17626953125 0.005162946553900838 0.008019882673397661
0 0.4931640625 0.30712890625 0.005162946553900838 0.008019882673397661
0 0.49755859375 0.8464756348985247 0.002586725912988186 0.013790421094745398
0 0.4951171875 0.849609375 0.002586725912988186 0.013790421094745398
0 0.49755859375 0.85498046875 0.002586725912988186 0.013790421094745398
0 0.4731132544268734 0.1019143049162598 0.003438275051303208 0.008019882673397661
0 0.49844075975496543 0.0876105962779134 0.003438275051303208 0.008019882673397661
0 0.47021484375 0.06787109375 0.003438275051303208 0.00686258627101779
0 0.48583984375 0.16162109375 0.003438275051303208 0.00686258627101779
