0 0.467773 0.943359 0.006034 0.019883
0 0.442260 0.763401 0.006034 0.017246
0 0.209961 0.658691 0.006589 0.015163
0 0.466180 0.648828 0.007753 0.012714
0 0.054688 0.349609 0.009436 0.010305
0 0.472888 0.629199 0.006034 0.015163
0 0.234375 0.557129 0.006545 0.013790
0 0.077637 0.460449 0.008582 0.010305
0 0.286865 0.444716 0.009436 0.009184
0 0.472520 0.541733 0.006034 0.013790
0 0.434082 0.567383 0.006034 0.013790
0 0.965959 0.600968 0.006863 0.011485
0 0.222722 0.455812 0.008582 0.009184
0 0.304199 0.419325 0.008582 0.009184
0 0.391606 0.424433 0.008582 0.011082
0 0.548828 0.419434 0.008582 0.009184
0 0.674316 0.443359 0.008582 0.009184
0 0.913574 0.422852 0.008582 0.009184
0 0.411621 0.415527 0.007753 0.009184
0 0.275879 0.512207 0.006863 0.010305
0 0.513674 0.457787 0.006034 0.011485
0 0.315551 0.449056 0.006863 0.009184
0 0.325928 0.447862 0.006863 0.009184
0 0.443115 0.329346 0.006034 0.010305
0 0.489632 0.354308 0.006034 0.010305
0 0.511719 0.409180 0.006034 0.010305
0 0.422852 0.619629 0.005163 0.011961
0 0.704590 0.436523 0.006863 0.008020
0 0.470215 0.460449 0.005163 0.010305
0 0.500732 0.735406 0.003392 0.013790
0 0.448865 0.250872 0.004300 0.010305
0 0.251953 0.536133 0.005163 0.008020
0 0.478580 0.132500 0.003438 0.008020
0 0.494629 0.089844 0.003438 0.006863
0 0.480292 0.027829 0.002587 0.006863
