0 0.33349609375 0.744140625 0.010304928664118052 0.01262767817825079
0 0.4736328125 0.96484375 0.00686258627101779 0.018330215848982336
0 0.8955078125 0.36328125 0.010304928664118052 0.011027349624782802
0 0.248046875 0.53857421875 0.008582112193107606 0.01262767817825079
0 0.37841796875 0.7138671875 0.008582112193107606 0.01262767817825079
0 0.66552734375 0.4189453125 0.010304928664118052 0.009695301204919815
0 0.54248046875 0.4365234375 0.010878923535346986 0.009183756075799465
0 0.53857421875 0.39697265625 0.009436062909662724 0.009183756075799465
0 0.8955078125 0.44677734375 0.008582112193107606 0.009695301204919815
0 0.44091796875 0.5703125 0.006033619958907366 0.013790421094745398
0 0.25537109375 0.42822265625 0.008582112193107606 0.009183756075799465
0 0.32275390625 0.44970703125 0.008582112193107606 0.009183756075799465
0 0.35791015625 0.421875 0.008582112193107606 0.009183756075799465
0 0.16845703125 0.42822265625 0.008582112193107606 0.009183756075799465
0 0.048828125 0.435546875 0.008582112193107606 0.009183756075799465
0 0.095703125 0.4384765625 0.008582112193107606 0.009183756075799465
0 0.08935546875 0.4619140625 0.008582112193107606 0.009183756075799465
0 0.9619140625 0.5986328125 0.00686258627101779 0.011027349624782802
0 0.4873046875 0.384765625 0.006033619958907366 0.010304928664118052
0 0.43896484375 0.43408203125 0.006033619958907366 0.010304928664118052
0 0.97705078125 0.44140625 0.007393611408770085 0.008019882673397661
0 0.478515625 0.18408203125 0.005162946553900838 0.008019882673397661
0 0.4580078125 0.17578125 0.003438275051303208 0.008019882673397661
0 0.4580078125 0.04638671875 0.003438275051303208 0.008019882673397661
0 0.482421875 0.07275390625 0.003438275051303208 0.00686258627101779
0 0.49560546875 0.2001953125 0.003438275051303208 0.00686258627101779
