0 0.538086 0.443848 0.013790 0.009630
0 0.572266 0.436035 0.010305 0.009695
0 0.880371 0.358398 0.010305 0.009630
0 0.257324 0.528809 0.008582 0.011485
0 0.363770 0.728027 0.008582 0.011485
0 0.440430 0.607910 0.006863 0.013790
0 0.318359 0.751465 0.010305 0.009184
0 0.638672 0.418457 0.008582 0.009695
0 0.961914 0.598633 0.006863 0.011485
0 0.329102 0.421387 0.008582 0.009184
0 0.350098 0.449219 0.008582 0.009184
0 0.221191 0.430176 0.008582 0.009184
0 0.138672 0.429688 0.008582 0.009184
0 0.116699 0.460449 0.008582 0.009184
0 0.919434 0.446777 0.008582 0.008582
0 0.020020 0.436523 0.007753 0.009184
0 0.063965 0.439941 0.007753 0.009184
0 0.481351 0.167449 0.005163 0.010305
0 0.459788 0.193879 0.005163 0.008020
0 0.459473 0.062988 0.005163 0.008020
0 0.484863 0.356934 0.005163 0.008020
