0 0.26318359375 0.423828125 0.012042735982686282 0.01262767817825079
0 0.54150390625 0.619140625 0.009436062909662724 0.014558561425656081
0 0.0146484375 0.46142578125 0.009436062909662724 0.01148489061743021
0 0.888671875 0.44482421875 0.010878923535346986 0.009695301204919815
0 0.5263671875 0.572265625 0.007393611408770085 0.013790421094745398
0 0.75244140625 0.44287109375 0.010304928664118052 0.009894392732530833
0 0.27978515625 0.75 0.008582112193107606 0.01148489061743021
0 0.24658203125 0.5380859375 0.008582112193107606 0.01148489061743021
0 0.11181640625 0.4560546875 0.009436062909662724 0.010304928664118052
0 0.212890625 0.65380859375 0.00686258627101779 0.013790421094745398
0 0.13720703125 0.43359375 0.010304928664118052 0.009183756075799465
0 0.01611328125 0.45654296875 0.008582112193107606 0.010304928664118052
0 0.96728515625 0.60205078125 0.00686258627101779 0.012799963820725681
0 0.126953125 0.42626953125 0.009436062909662724 0.009183756075799465
0 0.06103515625 0.43017578125 0.009436062909662724 0.009183756075799465
0 0.4951171875 0.3408203125 0.007752735074609518 0.010304928664118052
0 0.265625 0.52197265625 0.007752735074609518 0.010304928664118052
0 0.21826171875 0.58642578125 0.00686258627101779 0.01148489061743021
0 0.38671875 0.2158203125 0.008582112193107606 0.009183756075799465
0 0.87255859375 0.4208984375 0.008582112193107606 0.009183756075799465
0 0.89990234375 0.36572265625 0.007752735074609518 0.009183756075799465
0 0.443359375 0.45849609375 0.006033619958907366 0.01148489061743021
0 0.44677734375 0.54736328125 0.006033619958907366 0.01148489061743021
0 0.8369140625 0.4228515625 0.008582112193107606 0.007700382871553302
0 0.55029296875 0.41357421875 0.008582112193107606 0.007596736727282406
0 0.65087890625 0.41259765625 0.008296236023306848 0.007648384617641569
0 0.8154296875 0.4453125 0.008582112193107606 0.007343684602528811
0 0.4423828125 0.41943359375 0.006033619958907366 0.010304928664118052
0 0.4677734375 0.455078125 0.006033619958907366 0.010304928664118052
0 0.6708984375 0.4189453125 0.007752735074609518 0.00686258627101779
0 0.4697265625 0.28759765625 0.005162946553900838 0.010304928664118052
0 0.46728515625 0.234375 0.005162946553900838 0.010304928664118052
0 0.48681640625 0.49072265625 0.005162946553900838 0.010304928664118052
0 0.46728515625 0.3212890625 0.006033619958907366 0.008019882673397661
0 0.48876953125 0.3125 0.006033619958907366 0.008019882673397661
0 0.51416015625 0.41943359375 0.006033619958907366 0.008019882673397661
0 0.46923828125 0.3212890625 0.005162946553900838 0.009183756075799465
0 0.2138671875 0.62158203125 0.005162946553900838 0.008019882673397661
0 0.49894100255685714 0.0868660762113558 0.003438275051303208 0.010304928664118052
0 0.46923828125 0.1904296875 0.003438275051303208 0.008019882673397661
0 0.488739013671875 0.171966552734375 0.003438275051303208 0.00686258627101779
0 0.4830854818411583 0.0611708968047537 0.003438275051303208 0.00686258627101779
0 0.4951171875 0.015380859375 0.003438275051303208 0.00686258627101779
0 0.4951171875 0.013671875 0.003438275051303208 0.00686258627101779
